run_Filter_VQE_param.py
==============================================================================
H4 分子
tol: 0.05   mag: 10^0.5 = 3.1622776601683795
键长范围:
 [0.1, 0.15000000000000002, 0.2, 0.25, 0.30000000000000004, 0.35, 0.4, 0.44999999999999996, 0.5, 0.55, 0.6, 0.65, 0.7, 0.75, 0.7999999999999999, 0.85, 0.9, 0.95, 1.0, 1.05, 1.1]

HF:
 [14.508543067235806, 7.132885796740512, 3.574062796150775, 1.5626182461927929, 0.3272661884501309, -0.47202166763458386, -1.0073642506425156, -1.3740530627587448, -1.6286097030299, -1.8062200394937378, -1.9295642484520106, -2.0137522819945164, -2.0691974228038643, -2.103290822999874, -2.12138675587022, -2.1274100639510722, -2.124259738972778, -2.114095282910532, -2.0985459369977173, -2.0788625535082454, -2.0560249058341133]

VQE:
 [14.495707665624655, 7.120587461979438, 3.561468994200584, 1.548986301582403, 0.31209335789432546, -0.48900994373881673, -1.026344238003555, -1.395195686971002, -1.6520893921524742, -1.832196249647654, -1.960113329988601, -2.047740097775196, -2.1068977144090155, -2.145002888949235, -2.167444296561652, -2.1781879578851036, -2.180179086859485, -2.1756266935884248, -2.1662107875131005, -2.1532319844623236, -2.1377165062853636]

FCI:
 [14.495678809082897, 7.120571411631017, 3.5614324944183675, 1.5489087461001247, 0.31194335673262774, -0.48927852045938636, -1.026789893316156, -1.3958893783264887, -1.6531169519401159, -1.8336599360825137, -1.9601936448939248, -2.047830164953059, -2.1069969150952805, -2.1451106471862236, -2.1675605441340453, -2.1783136328803963, -2.18031661432386, -2.175780432219576, -2.1663874486347625, -2.1534410313443777, -2.1379705268436284]

成功信息:
 [True, True, True, True, True, True, True, True, True, True, True, True, True, True, True, True, True, True, True, True, True]

成功率为 (%):
 100.0

 VQE 参数量为:
 [5, 5, 5, 5, 5, 5, 5, 5, 5, 5, 6, 6, 6, 6, 6, 6, 6, 6, 6, 6, 6]

平均参数量为:
 5.523809523809524

单激发算符数为:
 0.0

双激发算符数量为:
 [8, 8, 8, 8, 8, 8, 8, 8, 8, 8, 10, 10, 10, 10, 10, 10, 10, 10, 10, 10, 10]

双激发算符数平均值:
 9.047619047619047

线路深度为:
 544.8095238095239
==============================================================================
H4 分子
tol: 0.01   mag: 10^1.0 = 10.0
键长范围:
 [1.1, 1.165, 1.23, 1.2950000000000002, 1.36, 1.425, 1.49, 1.555, 1.62, 1.685, 1.75, 1.815, 1.88, 1.945, 2.01, 2.075, 2.1399999999999997, 2.205, 2.27, 2.335, 2.4]
100%|█████████████████████████████████████████████████████████████████████████████████| 21/21 [00:14<00:00,  1.49it/s]
 HF:
 [-2.0560249058341116, -2.0228877860371233, -1.9870845220029558, -1.9496626374097115, -1.911435375855413, -1.8730335399200986, -1.8349443836192043, -1.7975420055787918, -1.7611111668316788, -1.725865682962291, -1.6919624112034466, -1.6595118424891901, -1.6285862278705132, -1.5992260207310312, -1.571445219760213, -1.5452360169971109, -1.5205729700641653, -1.4974168017061253, -1.475717833862813, -1.455419021294926, -1.4364585399896792]

VQE:
 [-2.1377165062853645, -2.1150880186309013, -2.090976551118958, -2.066474047101295, -2.0424074127746685, -2.019387264798914, -1.9978449023662228, -1.9780625248746517, -1.9601988030246233, -1.9443115483601705, -1.9303783901547789, -1.9183158077677858, -1.9079967871755044, -1.8992658759451926, -1.8919546127731781, -1.8858898986452939, -1.8809039282811189, -1.8768397150307785, -1.8735547436621411, -1.870922762554775, -1.8688341353047273]

FCI:
 [-2.137970526843625, -2.1154250115309887, -2.091431654021493, -2.067090328897165, -2.0432348007647385, -2.0204802882282102, -1.999259339293337, -1.9798510772630837, -1.9624064654030589, -1.9469712368051413, -1.9335074875049285, -1.9219142748176532, -1.9120469579701143, -1.9037346386142617, -1.8967949979067615, -1.8910460406053895, -1.886314610422929, -1.882441890184046, -1.879286349425696, -1.8767247198255383, -1.8746515824858951]

成功信息:
 [True, True, True, True, True, True, True, False, False, False, False, False, False, False, False, False, False, False, False, False, False]

成功率为 (%):
 33.33333333333333

 VQE 参数量为:
 [6, 6, 6, 6, 6, 6, 6, 6, 6, 6, 6, 6, 6, 6, 6, 6, 6, 6, 6, 6, 6]

平均参数量为:
 6.0

单激发算符数为:
 0.0

双激发算符数量为:
 [10, 10, 10, 10, 10, 10, 10, 10, 10, 10, 10, 10, 10, 10, 10, 10, 10, 10, 10, 10, 10]

双激发算符数平均值:
 10.0

线路深度为:
 621.0
===================================================================
HF 分子
tol: 0.06   mag: 10^0.45 = 2.8183829312644537
键长范围:
 [0.1, 0.15000000000000002, 0.2, 0.25, 0.30000000000000004, 0.35, 0.4, 0.44999999999999996, 0.5, 0.55, 0.6, 0.65, 0.7, 0.75, 0.7999999999999999, 0.85, 0.9, 0.95, 1.0, 1.05, 1.1]

 HF:
 [-69.56217853677805, -82.65437267396553, -88.79488751395556, -92.26413781774482, -94.39782687352522, -95.7699498883949, -96.67768695647317, -97.2898751685559, -97.70787786005116, -97.99536344750777, -98.19377284381187, -98.33068133142291, -98.42462194853658, -98.48810196747516, -98.52961290403054, -98.55500246111461, -98.56839848288769, -98.57280828758287, -98.57048973900096, -98.56317257501152, -98.55219044827804]

VQE:
 [-69.56242184703065, -82.65465798370866, -88.79525712208635, -92.26468513049628, -94.39868106960964, -95.77190505680136, -96.68108430152475, -97.29447728290842, -97.71382176232986, -98.00278327842379, -98.20282702347635, -98.34156537185316, -98.43757214503437, -98.5033948558189, -98.54756342956304, -98.57595132756371, -98.59274457951379, -98.60097103901282, -98.6029189658911, -98.60034475778454, -98.59460418539416]

FCI:
 [-69.56263153346201, -82.6549142937304, -88.79560917500237, -92.26518462403737, -94.39941131235975, -95.77232843060352, -96.681096603556, -97.29449445112512, -97.71384506192746, -98.0028145459682, -98.20286887844563, -98.3416214043837, -98.43764707510186, -98.50349462301365, -98.5476951818102, -98.57613414557804, -98.59297519496063, -98.6012592364385, -98.60327455440262, -98.60077704503166, -98.59512144913867]

成功信息:
 [True, True, True, True, True, True, True, True, True, True, True, True, True, True, True, True, True, True, True, True, True]

成功率为 (%):
 100.0

 VQE 参数量为:
 [1, 1, 1, 1, 1, 3, 6, 6, 6, 6, 6, 6, 6, 6, 6, 5, 5, 5, 5, 5, 5]

平均参数量为:
 4.380952380952381

单激发算符数为:
 0.0

双激发算符数量为:
 [1, 1, 1, 1, 1, 3, 7, 7, 7, 7, 7, 7, 7, 7, 7, 6, 6, 6, 6, 6, 6]

双激发算符数平均值:
 5.095238095238095

线路深度为:
 259.23809523809524
==============================================================================
H2O 分子
tol: 0.05   mag: 10^0.27 = 1.8620871366628675
键长范围:
 [0.1, 0.155, 0.21, 0.265, 0.31999999999999995, 0.375, 0.42999999999999994, 0.485, 0.5399999999999999, 0.595, 0.6499999999999999, 0.7049999999999998, 0.7599999999999999, 0.815, 0.8699999999999999, 0.9249999999999998, 0.9799999999999999, 1.035, 1.0899999999999999, 1.145, 1.2]

 HF:
 [-20.48534376186774, -46.31182173376634, -57.71246384291112, -63.995881559927575, -67.82268995133612, -70.25844006765337, -71.84690595912095, -72.90221454086134, -73.61218146975918, -74.09248924163708, -74.41717336695653, -74.6350949467202, -74.7790448066596, -74.87117499837049, -74.92651652055898, -74.95536770846024, -74.96491953399111, -74.96032849129972, -74.94539397056681, -74.9229703721341, -74.89521763457495]

VQE:
 [-20.486549906625346, -46.31382252903899, -57.715416027391136, -63.999540318887874, -67.8284623064985, -70.26583432177938, -71.85674623365605, -72.9142495387045, -73.62700866891058, -74.10987382975961, -74.43788371231025, -74.65904922635049, -74.80809283247261, -74.90486295305723, -74.96548448785465, -75.0003453231225, -75.0167220425209, -75.01984846549625, -75.0137672565442, -75.00103141210735, -74.98403267593986]

FCI:
 [-20.48704545580142, -46.314539551674386, -57.71630497734647, -64.00093349995294, -67.82917472013267, -70.26665341601854, -71.85719384838173, -72.91491517306744, -73.62757855877702, -74.11085243257845, -74.43881335369701, -74.66039456879263, -74.8084720478755, -74.90528850784008, -74.96596822731652, -75.00090282139634, -75.01737284718132, -75.02061629136904, -75.0145019108835, -75.00193877062765, -74.98512632505002]

成功信息:
 [True, True, True, True, True, True, True, True, True, True, True, True, True, True, True, True, True, True, True, True, True]

成功率为 (%):
 100.0

 VQE 参数量为:
 [5, 2, 2, 2, 6, 8, 10, 10, 11, 11, 13, 13, 13, 13, 13, 13, 13, 13, 14, 13, 13]

平均参数量为:
 10.047619047619047

单激发算符数为:
 0.0

双激发算符数量为:
 [5, 2, 2, 2, 9, 11, 14, 14, 16, 16, 21, 21, 22, 22, 22, 22, 22, 22, 23, 22, 22]

双激发算符数平均值:
 15.80952380952381

线路深度为:
 930.2857142857143
==============================================================================
BeH2 分子
tol: 0.04   mag: 10^0.3 = 1.9952623149688795
键长范围:
 [0.1, 0.16499999999999998, 0.22999999999999998, 0.295, 0.36, 0.42499999999999993, 0.49, 0.5549999999999999, 0.6199999999999999, 0.6849999999999999, 0.7499999999999999, 0.8149999999999998, 0.8799999999999999, 0.945, 1.0099999999999998, 1.075, 1.14, 1.205, 1.27, 1.335, 1.4]

 HF:
 [13.4928033421577, -1.5603882782545355, -7.318424658155994, -10.172775386518255, -11.801046496406064, -12.83583480301761, -13.554474421440197, -14.082765412068028, -14.481123157420694, -14.782995084075807, -15.010660096200706, -15.180940464207765, -15.306952357015044, -15.398820075411376, -15.464271671715544, -15.50919562194595, -15.538101088244566, -15.55446548710643, -15.560987207944457, -15.559769836822047, -15.55245981037087]

VQE:
 [13.441955904046612, -1.6170476932790276, -7.376378180001479, -10.229440848066192, -11.854741339372238, -12.88546279837124, -13.598335679687532, -14.120911421526698, -14.51424216963259, -14.812487954391663, -15.037725395703012, -15.206529099205156, -15.331849038907638, -15.423675430732041, -15.489632960306333, -15.535537616446543, -15.56585091224463, -15.584022560006217, -15.592739237348919, -15.594105361607324, -15.589857475022757]

FCI:
 [13.441502018292951, -1.6178793393170565, -7.377138567772732, -10.230372532166422, -11.855963007299634, -12.886242011100252, -13.599196356346841, -14.121801993474918, -14.515331498402048, -14.813559342094731, -15.038723029097657, -15.207468507745393, -15.332738400989639, -15.424522896819358, -15.490451771094584, -15.536342962559635, -15.56665786238056, -15.584845663764138, -15.593593145802945, -15.595005931409874, -15.590743345488246]

成功信息:
 [True, True, True, True, True, True, True, True, True, True, True, True, True, True, True, True, True, True, True, True, True]

成功率为 (%):
 100.0

 VQE 参数量为:
 [13, 14, 14, 14, 15, 16, 15, 14, 11, 8, 8, 8, 8, 8, 8, 8, 8, 8, 8, 8, 10]

平均参数量为:
 10.666666666666666

单激发算符数为:
 0.0

双激发算符数量为:
 [20, 22, 22, 22, 24, 26, 25, 23, 15, 12, 12, 12, 12, 12, 12, 12, 12, 12, 12, 12, 14]

双激发算符数平均值:
 16.428571428571427

线路深度为:
 959.1428571428571
