10001111001110000101000001011011001111010100000100000  7.680188041e-09 -6.819374510e-10
00011101011010110111001011100000011111010111100111011 -7.423576864e-09  7.008822855e-09
10000011111100010100101010011001110111100001001101010  3.909880419e-09 -1.162917584e-08
11011011100111010001111010001110000101110100001111011 -2.827485801e-09  9.261913014e-09
01011100100100100111101111010011110100000100110011100 -3.095384393e-09  9.120256550e-09
00111011000101000110011110111111011100110101110000110 -9.154257796e-09 -4.180128244e-09
00100101001110111110101101001101100110011100101101010  8.181897937e-10  1.163151797e-08
11010111110101111101010010010001010010011100100011100  2.966013213e-09 -4.612898508e-09
00110000011010111101101001101010010010010101110011000 -2.384623388e-09  5.128085068e-09
10110001100100000001000101001110011110110111111010111  2.144870237e-08  7.900980314e-09
01101101011111111010000001001000110000101000000000101  1.985982712e-09 -1.338809685e-08
00100110000101001010110001101010000110000101110111000  4.573908752e-10 -1.649902615e-08
10010000100001001101011110001110010000110011101110101  7.134011604e-09 -5.726184860e-09
01110100100101010100010110010100001000110110000110000  1.775530389e-09 -1.002160843e-08
11011011110010101100101110111100110101010100000101100  7.519731504e-09  3.315610231e-09
01010111111000110010111110100001110101101110111010110  2.966755508e-09  7.138278857e-09
01010011110110011000101101110111000010111111001111100  3.152244687e-09  1.250577775e-08
00011101010111000100001011101101010111101100001000011  6.366964733e-09 -5.408246739e-09
10010011001101111000011001001000101110100000010100011  7.857394735e-09 -1.509121006e-08
00110111101100110111101010000010011110111101011010010 -1.187862475e-09 -1.085076917e-08
01110100111111100001000110000111010001111110010001001  9.959375546e-09  2.906939356e-09
01101011000001000100111000101110101110001110100111010 -7.894396248e-09 -6.760554339e-10
00110111001011011000010010111110010000100001100000101 -5.186143071e-09 -6.048761048e-09
00111110100100000010000100101001001010100000001111101 -2.300253099e-09  1.021752105e-08
11010110011001000001001001100000000001011001100101111  1.422089890e-09  6.900941152e-09
01000011100101111110110000010001100001101001111000101 -5.013478521e-09 -1.530296889e-09
11110101001110101001001000001110100000110001111100001  1.330147659e-09 -1.472962818e-08
10101000001010000111100110000100000011101011001010100 -2.391620235e-09  2.525476495e-09
10100011010010101000001010010101001100000111100010110  9.567500570e-09 -8.974481602e-09
00010001011100001001010010000111001001011010010001110  2.088044182e-09  6.708132716e-09
11101101000100111100110001100110011000000111010011101 -4.232414863e-09 -3.016694894e-09
11000010100110100010000001001011100000000110001111101  7.389864720e-09  4.659400865e-09
01001100001100001010000000010001001011001100000100101 -1.211117429e-08  4.630770434e-09
10010000100001011011000001000110111010100011001101100  1.880184231e-09 -7.981735273e-09
00011101010010101001101100111110010011000100010000111  6.987215251e-09 -2.211960615e-09
11000100000101010111010110010000011110000100000101110  1.879170597e-09 -7.369963750e-09
00101011111000011110010111001101100100111100010011001 -5.747338716e-10  8.022094100e-10
00111000111100111000100000011101000001011100101000010 -9.438416715e-10 -3.793208414e-09
11000010010010100100100010000111010010010001111010000 -2.766307183e-09 -9.849674854e-09
11110001100101001100001010110111000111000111100010100  4.481890414e-09 -3.417772509e-09
10001110000100000101010101011011110101011011010001000 -3.356071421e-09 -2.774296570e-09
00111111000111001111100100110100001110101000111000111 -8.969356813e-09  8.914133431e-09
10000101110110101100001011010000110010100101101010101  6.945421321e-11  1.107176018e-09
11101100101110110001110001010101001110110101110001111  5.183487417e-09 -2.979162694e-09
01000001001111001110001000010101100100101111100001000  1.295349428e-08 -5.945296699e-09
01000110011001101100010001101100011110101001001000101  1.201634969e-08 -1.843716985e-10
10101001000010001100011000001100111101000111101100000  8.064692025e-09  4.445082968e-09
00001111100101111101100100101101100100000111101011001  4.693879174e-10 -4.598484926e-10
11110101011111001111001111000011100001000110001001010  9.859039807e-09 -4.922958929e-09
11111110111100011100010101010111001000100110101001011 -8.524141393e-09 -1.153779206e-08
00110011101101111100100100100100111001110100101101011  8.719630351e-09 -9.604653961e-09
01100101001000010001111010110100001001011111001100100 -8.495852910e-09 -7.122122447e-09
11100001111101011101011001001000111101000000000010011  1.948841755e-09 -1.313494380e-08
00010011010010101111010010010010110100110011101111110 -1.300417107e-09  6.598517288e-10
11010110010110001111001111111100011111101101101100000  8.574420285e-09  1.114032089e-09
00011000011110111110001100000110100010000011101000010 -9.461849082e-10  8.659534423e-09
01100001010100100101110000001111111000111100001011000  9.826818248e-10  2.323759629e-09
11001001000001001011111011011010101100000000001101100 -1.500199076e-09 -2.571359792e-09
11011110111100000010100100010001000111001000100110111 -4.054729330e-10 -3.489157407e-09
10111011000011110010110111101010011000101010001001101 -1.378221359e-08  1.358454504e-08
01001101110011101101100101000010011101011010010010111  7.692283255e-09 -2.300755142e-09
11100101101001100000000100001010000000111010010001100  2.470626814e-09 -5.265119896e-09
11101100001000111110110100000100001010001001111001001 -2.817398981e-09  1.592452392e-08
00110110110011010001011111000011101011010011111011010 -1.092309160e-10 -1.423629392e-08
00001011010011000010000110011001100011010100001111110 -4.989779701e-09  1.312365216e-09
01000100111000010111011110111010111000001111001011011 -7.635507226e-10 -4.239154028e-10
01001111100011001000100110100001100101000011100111011 -1.064199062e-09 -2.587786874e-08
11101010111101000001111001001000010000110111010001001  6.867572733e-09  5.198632635e-09
00011111101001000100110111000101111110111110101000010 -7.485159714e-10 -4.686062649e-09
01110010100101100111000011100110111010011010011000110 -2.799652288e-09  2.218558892e-09
00110010101110010111100000011000100110100110110001111 -6.239791350e-09  1.809678984e-08
01001000001001000001001110000000110101101010000101001 -9.281279079e-10 -3.392905124e-10
01110011001110011000111110101001101110010000111001010  1.616764278e-09 -2.087983397e-10
11111111110001000100001101111000101001011101010101111 -2.467915195e-12  1.157376861e-08
10110010111111111010000101101111101111001101010001001 -2.193311088e-09  4.032144840e-09
01111100001000011011111111101001001001101111011111011 -8.331593193e-10 -2.849381564e-10
11010101010000101001101100011010101100011110101011001  3.539750437e-11 -2.443747205e-09
00000101001101011000000001001000000000000110101011110 -2.681535272e-10 -7.640149846e-09
11000111010010111100111010101001000100000001000100011  2.362135820e-09  7.853429018e-10
11001010101011111100010110000000001101100111111111110  1.195243637e-08 -1.135674402e-10
11100110101010110001001110001010011010000010110110111  1.061380406e-08 -4.487697769e-09
00110101001101001001101101101101110000101000001101110 -1.974616204e-08  6.880334968e-09
10001000000110000110011110001110100100111100111000001 -1.120398530e-08  1.617533552e-09
00111101100111110110110001011011110001001000101010011 -2.564465751e-09  5.473946185e-09
00101011111000010100011100110111001000110001010100100 -1.136279870e-08 -1.025795338e-09
00001101010101111101011100010011100000000000100101001 -9.979892468e-09 -1.301617214e-08
11001100100001010110000001011110100101001100011001001  1.065844835e-08  4.496193196e-09
00001111011111011001000001010000001110000100000100010 -8.721677602e-09  1.462298727e-08
10010010011111101110001110011001010100011011010000000 -1.422184237e-08  4.126898823e-09
00010100111000111101111010000111001011001001100000010 -2.907681651e-09 -7.952134951e-09
01111100000111110110001110101001001111100010110011000  7.943318892e-09 -4.469037584e-09
10001011010101100000001011011001100010010100000100100 -7.214983722e-09 -2.922746045e-09
00001011100111011100001110011101100011001111101100010  6.671016517e-10 -2.283444545e-09
00001101111000010101000011001100000100011100100111001  7.005594327e-09 -6.497395066e-09
00110000000011001000101001010100000111101110011000111  2.235283292e-09 -1.976092179e-09
11011111110000111000010001101110000010100001011010110  1.406703087e-09 -9.516484489e-09
10110110011100000110100001011010010111010100101100101 -9.738791995e-09  8.092006232e-11
01010100101111100000110101010010111100011101000100000 -1.125560178e-08 -9.438540616e-09
10110111000100111010110110010001001001100001000101101  4.928158770e-09  2.031248503e-09
00000101011111101010000011100010001101011111011100100 -2.652286391e-09 -2.557982937e-09
00110100100011101011001001001101011101110011110010101 -9.222390851e-09  5.569527506e-09
00000001110111101010001011100101111011100101001101100  7.203321939e-09  7.429906024e-09
01001001001110011110110111010101001101110100100001011  1.252066362e-08  1.525803484e-09
10010111101100110101000111010001110001010111010100000 -1.635432945e-08  8.031620702e-09
00001100101011011101111100011100010011111110001000010  2.351913664e-10 -1.037319119e-08
01000001000000000101010001111000111111110110110100111 -4.734722614e-10 -6.160913557e-09
01001011010011011010101111011011101110010100011100101 -1.047853448e-08 -3.775931123e-09
10011100011010010001100011000111001111101010111110111 -1.922603055e-08 -3.769868417e-09
11111101101011001100010101100110111101100010011100010  5.549390281e-09  5.176327367e-09
10101110001000100000010100101010011010011111111110000 -6.381185802e-09 -1.925732684e-09
10101111011000100101001001101001101011000101101101001 -7.549515679e-09  5.156856719e-09
11101111010111010010011110101011000110011101111000011 -7.520874590e-09 -2.211245853e-09
00001101010001001001110100110000100011111111111010000 -1.497237001e-08 -1.273449612e-08
11001101111111100100000011100101110101100011000100100 -7.555128079e-09  7.407037650e-09
01011010101001110111000000011010010011101111011011011 -1.571955544e-08 -4.000118903e-09
10011011100110111000110011101001011000010110101000011 -5.610718112e-09  3.421793959e-09
10001000100110000010101100101011001111101001011001111 -2.675317079e-09  2.884675609e-09
01110101110100010101111100011111000101110011011100100  7.713665262e-09 -2.898358442e-09
01110100110100010111110100010100101101110010100011000 -1.243002856e-08  2.095421836e-09
00110000100011001001101111000010001111100000101110001 -8.249224415e-09  1.542248440e-09
00111101100111101001100001001000111010010100011101000  7.986526107e-09 -3.663470860e-09
00100001001011010010000111001001110100011010011100100  2.152743095e-09  5.080095455e-09
11010111010101000111100000001001100010000010101001100 -2.269680888e-09  5.287323912e-09
00111000011111011000101101011110100100010000010000000 -7.390119627e-09  2.606268257e-10
00010110100111111011111111110010010001110100110111010 -3.117473835e-09 -5.786959800e-09
00011110001011101000110100001101111000010010110011001  1.119591175e-08  1.225058455e-08
01101011100110101111111101100011010101000001111110101  7.326162788e-09  2.986574321e-09
00110100111001010011011111101010110111011000011111011  1.731664118e-10 -5.221200361e-09
01101011000011110001000101010111000011010011000000100 -7.923447676e-09 -8.675598018e-09
11011101111000111111110001110101101010000001001101010  3.197601739e-09 -9.191197137e-09
00011111111000111010011100101101001100011111010000000  5.484475096e-09  3.243496138e-09
10010111111110110000000101000001000111101111001001111  7.226792498e-09  1.202345667e-09
11101011101101101011001101011011100011000110101000110 -9.310321403e-09  1.999194366e-09
01111110011011110100010010101111100010001111100111000  1.603573274e-08 -5.714049678e-09
10001111010110100110110001100101111100011111010011011 -1.448717946e-08  5.791304769e-09
00000101111000011110000111111001110000101111011001110  2.498680818e-09 -2.078498262e-09
01000101110111000010001111001011100111000100010110011 -5.091139510e-09 -8.507916593e-10
00111101010101101011111010010110100010011010101100010  6.872128200e-09 -1.275647410e-08
10001001100100001100011100111111010011110010001100110  2.942305011e-10 -2.626455275e-09
00010010110110111000100000101110101010101000100011111 -4.525755770e-09  6.116853246e-09
01001111100001000001000011011111010111111101010110110 -2.741739946e-09  1.941033168e-10
01111011100111101011011000100100110000000111011001110  9.322332906e-10 -5.943370684e-09
01100100000010001001111001001011001110010111100110001  4.054648839e-10 -4.928690789e-09
10011010111110000011110010010000101101001011000010001  5.638868483e-09  8.032362331e-09
11001111110010000111101110001011110110101000010101011 -2.157221735e-09 -3.897612899e-09
11111001100101000001001110011010001001000011011110111  5.366796785e-09 -3.893569023e-09
11010000111111101110111111011101101110011010000100000  6.673240627e-09 -1.967401886e-08
10011111111011000000001100000001010111110011111110101  1.789143486e-11 -5.846176432e-09
01101111011111010000101101110001110100011011010011110  1.692574969e-08 -9.391612821e-09
11100001111011101110001101101101011111111011010100010 -1.409927175e-09  1.216163503e-09
11001100010011100100001101011100011010001100010111010  3.503805024e-09  9.052953942e-09
00100011010011011111000110100000111100111111111000000 -8.455327105e-09  4.461668368e-09
00100000010110100111100100101101001111101011111000011  9.705209081e-09  8.942278917e-09
10000001110011001010100100110101000100011101100001100  5.541753278e-09 -5.185460505e-09
00111100001011100000000100110111011100101000110110011  3.128977633e-11 -1.082838530e-08
00011000100110001100110100000000110011100001101011100  1.075573053e-08 -9.771492060e-09
01111011011001011101010101000001011000101111111100001  2.312849112e-08 -3.139051019e-09
11001000001010010101010011111110111111001101000000011 -1.669784844e-08  4.481298888e-09
01011000111011100001101001001111110110011010000101110 -1.346430745e-09 -1.231185043e-09
00100101001001000010001001111100000000100010000010000 -7.361197429e-09  8.624994940e-09
11000000100100000000111011011100001111011000010010010 -1.815769646e-09  5.854734475e-09
10101011010010101101001111101110110000110111001001010  2.877505123e-09 -5.085606158e-09
01100101011011000100010010110001100001101100111011110  1.062014210e-08  3.686647876e-09
10101010001101000001101000100101111111101001100010000  7.479260544e-10 -1.789675630e-10
01110110000011000000110111101001000010010010001011010 -5.539310788e-09 -6.577097089e-09
10110000111110010110111111101111110111100110110110010 -1.044248066e-08  5.460036423e-09
01011010110000010111110001001101111111011000000100011  1.103371727e-09 -1.627541302e-08
10101110011001010111001101111001110011000000100101111  6.407595787e-09 -9.670274359e-09
01011110101111000101011111111100001101101010110101101 -1.377785219e-09  2.747156280e-09
11101100011000001111011011001100111011001000000110000 -1.204092115e-08  7.428754500e-09
11000101000100010011000101101111101111010000100110010  1.596326515e-09 -3.675613147e-09
10110010110011001110010001110010011100011001101001111  4.655773989e-09  1.693654217e-09
01001110100100011111101110010110110101100001000000000  8.593667111e-09 -6.915508610e-09
01011000101011100010100011100100001101111111100111101  2.119320719e-09 -1.026992824e-09
10110011001101010100111011000010000100100000101111000  1.545390127e-08 -8.481184643e-09
00101110100110101000100101010101010000000101001000111 -1.196486465e-08 -1.125709392e-08
00111111000110110110001101011000000101100010110111101  1.757238466e-09  7.079566378e-10
01001010101110011110110000110010001000111001000000011  3.505995050e-09 -5.411234572e-09
10010111101100101001000011100010101100000110000011101  1.830872010e-09  9.245022525e-09
10000100001100011110101100010011110000010010100011100  5.301670214e-10 -2.001069532e-09
11010110000000000111011001010110100101000110000010010 -1.138406258e-09  2.083483608e-09
01011110101101111001101000001001000011111101011110110  7.486974596e-09 -3.139954963e-09
00100001110011101010101110001011010110011000010111111 -1.964492791e-09  7.701399518e-09
11000110000101101100101100000111000100011111011010110 -1.193155241e-09 -1.114047257e-10
11101111111100101101110011111001011010100011010111010  3.226861223e-09  3.493778600e-09
01100000000001011011101010111111011010000001111001001  5.540591097e-09 -1.597122257e-08
11001001001001100001101101011110111100011001001001010  1.369114422e-08  1.017539297e-08
11101011111100000101010001111010110101000100101110101  6.422649079e-09  2.380698971e-09
00101001011111001011011101001110011011111110111100010 -2.620955231e-09 -1.048340970e-08
11100001101111110010001000111001000101010100011100111 -4.223746353e-10  1.806271577e-08
00000101011100010101100001011011011100101000000101110  7.091892407e-09  6.456443824e-09
01000100101100000101001100110010101000100000100111001 -2.287702250e-09 -4.462629377e-09
11001010000100001110111110000011010110010101001001110  1.295385799e-09  1.498638658e-09
01000100110010011111110101000101110000000100101011110  1.642001912e-08  1.737830324e-08
01110111011001011100000100100101111100011011100010100 -4.524332464e-09 -5.958453286e-09
10001101101110111111100011100010101111010111011101010 -4.727298997e-09 -7.728616858e-09
10101100010000011011001011011000101011000001000011110 -2.215053474e-09  3.411628757e-09
10100101101100110010110101000011101101100010111011111 -2.351095985e-09 -2.867632132e-09
11001111111011100011001111010011000001000011100101100 -1.482381773e-09 -7.173671435e-09
10100100010011010001100110010000101101110000010001000 -6.939594677e-09  7.764556220e-10
00111110000111010010011101010001111001001000010011010 -2.054694637e-09 -5.444125151e-09
01000011011010000110011101011101110111111000000111100 -7.489671994e-09 -2.967793566e-09
01010110110100100001000110010110000111001101111010000  8.207448943e-09  7.820051828e-10
00110011000110111110111110100001111100110110111001000  3.783325653e-09 -4.367359807e-09
11110111100001111100110110000011101110010001011000100  8.462493817e-09  3.253244896e-10
11001100000010010000101011110001011001011000100001001  2.235974739e-09 -3.584968544e-09
01010011001110111110111101111101111100011110100010101 -1.337857913e-08  2.675589472e-10
11110001011000100111000101011000010100111100101001110 -4.161840206e-09  3.261835246e-09
01100110100100100110101011000000001110001011001001010  1.344564349e-09  6.100551175e-10
10110110100101001100010001111001000010101000111111001  9.864056238e-09  1.106915182e-08
00110100110010100100100000011100100000010011101011100  5.270202053e-09  4.139531384e-09
11000101010010100100100000100111101101110000110010010 -7.028918336e-09 -9.402649326e-09
11100011111010110001001111110010100011110110000010000 -9.719670624e-10 -6.107284678e-10
01000100110010001000101000000010010000101000101000000  5.557979410e-09  1.076352962e-08
11001000000011000101110111111000110110000100100110001  4.047996605e-09 -1.013048312e-08
10010101000000100010101001110011110111000100010000010  1.183879572e-08 -9.449768967e-09
00001011111100001011000000100010101001011111010111111 -9.876546692e-09  3.946350191e-10
00100110100010000110110001101101101111111101101101010 -1.218577239e-08 -1.660711035e-08
01100010011111100110011011000010101001110100000110110  1.299360619e-09  2.033773683e-08
11000110111010111110001001111111010111100110000101110 -1.728728982e-08  5.762225808e-09
00100010101111100100110110100100001111000001100010110  8.350742320e-09  2.331431936e-09
00001010000000001100100001101100100011000110101011010 -1.239869363e-08  1.640248648e-08
11100100000011001000011011101011111001101100001000000  7.968846027e-09  1.927990567e-08
10011011100001100010111111000001110000001111101110110 -1.422394202e-08 -1.553237428e-09
01101000111100100010100000001000111111000001011001111  7.042385786e-09 -1.598665866e-09
10001100110111101000101100101010101110111110001101010 -4.806819387e-10  5.098358180e-09
00010110000111100001100110101100100001011101010010001  8.705474563e-09 -7.014279824e-09
11000011111100111101111000100001010011111110110000110 -5.374590550e-09  5.798292957e-09
00111100000100001100101101111111000111011110000100010  1.499994795e-08  8.386324413e-10
11011000011001111101001010010101110000100010010011110 -1.003075134e-08 -2.322712689e-09
10011111001111001101111010011000110101111001010101000 -3.113855840e-09 -1.711053699e-08
01000010100001011100000100100110100100011000111001111 -7.544490366e-09  7.651072664e-09
11010111110011101011011101101110111101101111011010010 -1.693444496e-08  1.749744905e-09
01010000011011111110101001010000001101010100100111111 -1.338587730e-08 -8.885113090e-09
00101011101101011101100101101110000110100010001100001 -1.863698085e-09 -1.236116898e-08
10110101100000010101001000110011100101011111010001100  2.614216177e-09 -1.532792449e-09
10101110110011110010100010100110001110101001010101100  6.474794922e-09 -3.119580816e-09
10101000110100001001100001011011101001101001001011001 -1.353382029e-08 -3.669199611e-09
00000001010010000001100000010001101010010000110010110 -7.176639283e-09  2.111336883e-09
10110110001011110001101111101011101010001111100001000 -3.942079552e-09  3.653763514e-09
00111100110011101100110101111100011111000110000111001 -5.436344708e-09 -2.895149454e-09
00101000101101011000000000010001001001011011000101000 -6.201232861e-09 -5.263594893e-09
00010001000000100110010010001001011101011010000000000  3.391928960e-09  4.448652557e-09
01011001111101010111110110110110000000000011100111000  5.591984167e-11  4.068616999e-09
01000010101001000010011011100100010001100010110101100  1.786035542e-09 -3.502904855e-09
01101100001110110111100000110001011001011000001010011 -1.086546142e-08  5.027013916e-09
00001111110001110010100110000111101010100110000011101 -2.891661799e-09 -4.519593866e-10
01010111100000100000110100111110101000101110001000000  3.425201456e-09 -7.203051489e-10
11100000001110111101100101101010010001000001110101010 -4.279797849e-09  1.863275978e-09
00111010100111100110101001101110101000100111011001001  3.243888935e-09  1.764986490e-09
11010001101101010110111101110010101100010001010000100 -2.795485399e-09  1.532194482e-09
10000011001010010000111001010010011110000101011000010 -6.058505253e-09  6.274782027e-09
01010110111101011010000011111011100000011110111100000 -2.867226234e-09 -1.463988308e-08
11001101110111110010100110100111000011100100111110010  4.914787688e-09 -1.639281710e-09
01101110010100001000011111100111110000101001010100000 -3.776149615e-09 -1.605440558e-09
01101100001100010110110011101111101100101011011110000 -6.018854748e-09 -5.149461302e-09
10110101010110010110010110111100101111100110111011100 -8.686621200e-09  1.864631560e-09
11001000011111010010001101000010011101110011100100101  2.785633280e-09 -1.696088547e-10
00001000001101110111000111110001001100011110000010000  4.952916743e-09 -1.282742922e-11
00101011110011101111101110111100111000110000011011110 -8.275661045e-09 -4.386329522e-09
01100000011111011101010010001100100111010000100010010 -1.790710247e-09 -1.230830193e-08
00000000100100101010101101101110010011001110000111101 -2.684918066e-09 -6.476275960e-09
11011001110000010000100010010000001000100100100100011  1.068016009e-09 -8.872760304e-09
01101110001100110011000010011100101111111110011000001 -9.483971386e-10 -6.668676722e-09
00001100011111110010001011000000111110101001110000010  6.577084655e-09 -1.107063952e-08
11000001110000101100001111110111011000010110101100110 -2.163770718e-09  6.480145753e-09
10010011001000110100101111110011111010001110011100111 -6.782628681e-09  2.251097975e-09
01100100010000111010000000110110000110100101001101101 -5.731329633e-09  1.095113955e-08
01001001001001001001010000011000001000101100001110011 -3.629411216e-09 -1.024825558e-09
01101001100101000101011010111100100111111100010001011 -9.771587983e-09  1.225448365e-08
00011111010100001010100000111000000110101100101101000  6.807958197e-09 -2.763548945e-09
00100011111101011110011111001010011111011010100000111  1.646382752e-10 -4.841540502e-09
00100111011101001010000000100100000110101100100011100  2.860166548e-10 -4.650915209e-09
10101010001100000010111100011011010110000011010010011 -7.138855285e-09  1.429872665e-08
01101001001111011101001100110011010010011101111101100 -1.370209990e-08 -1.084817658e-08
01110101010100011110111000110101000101100011000011001  8.459187129e-09  2.608378180e-09
01011101001100000000101011011111101100000001000110101  8.634067683e-09  1.541345362e-08
00111100100110000010001010110100000110010100001110101 -1.621430989e-08 -6.859365076e-09
11000010000000000000111101000001000001100000011010110  5.550449877e-09  7.027474602e-09
00100000100010001011100011010101110101111001011100011  1.034218378e-09 -8.632298432e-09
00101010100101110101000011101000100000100000101101111 -6.651563744e-09  1.657976334e-08
10001110111000100100001010010000100101011011101100001 -2.786948006e-09 -7.402349400e-09
00001101111101101000001011001101011000011000000011100  1.688938056e-08 -7.475513542e-09
00110100110100011000001000110001000110101100101010001  2.014951817e-10 -1.496078994e-08
10011000001110110000001101011000000110011111100101001 -4.359113515e-09  1.180042908e-08
10000111010011110100001001001101110000000110010010000 -7.968647076e-09  8.128841600e-09
11100000000101100000111001101000001001000001010110111 -4.638300410e-09 -8.729304390e-09
11000111011011001100110010010000010100000001011111000  3.659171410e-09  3.590549191e-09
10110010111001000110100000011000011011010010101100100  2.493208973e-09 -2.529767151e-08
01110100000001010110001010111001100011101100111011000 -5.484408927e-09  8.295026888e-09
01001111100001001111010111110111110000110111001110001  7.152549664e-09 -3.497075740e-09
10110000010011100100000010101101010111000011111001001 -6.063718416e-09 -2.748507422e-09
01000110000000110110100001000100101010000001101100100  1.169295594e-08 -3.346638078e-09
01100100101110101000001101010100101101110100000001101  5.421270544e-09 -7.726102424e-09
01010111011001001101010010100101001001011010101110000  6.110624451e-09  2.813800304e-09
11010100100000000101011101101110001010001011010101111  6.539965791e-10  6.253873419e-09
00100011010101111111100111000001101010100101100100011 -2.671195487e-09 -8.865260526e-09
01111011111110011011101000010010010011111000011000010 -7.042280981e-09  8.127206463e-09
00000000101001001010011110001101110100001110110101000 -2.819128042e-09 -1.162861096e-08
11110000001000110010000010011111111100100101101011110 -5.689095417e-09  7.005859892e-09
00001101110000100000111101001000101100010000110001100  3.139179472e-10 -2.327850274e-10
10010000010100100001001001111100110111011011110110110 -1.119283444e-09  3.038509666e-09
00001111000101001011100000001001000010000111101100011  1.337743694e-09  1.229687907e-09
10101010110000110000110010000000000101010001110000000 -9.002578238e-09  1.024627849e-08
01101111111000110110010111011101100001101010001101011 -7.945836211e-10 -4.187674207e-09
10101111101111010101100100011011101101000111101000001 -8.130256468e-09  7.694320736e-09
10110110010111010110111111001001111001000010011011111  4.279518961e-09 -2.266240529e-09
10111111111010111111100000111010101010001101010111001 -2.842861502e-09 -6.811133879e-09
11101011000010100101001100001010000010100011110110100  5.606209386e-10 -3.913926072e-09
00110001100010010010110000100010100001000110001010110  1.907823677e-09  9.898938558e-09
01111011000000111010100000100100111001000001010110001 -2.135865262e-09  3.510619795e-09
11110100000000011010000011101111111000101000001101010  2.318820913e-09 -5.803815414e-11
10001001110011001001000000101111101101100001000110000 -8.351359604e-09  1.558790430e-08
01010100110101101010111010101001101111001101010010100  1.830792073e-09  1.553054219e-08
11111110010110000101101001111011010010001100100000000  1.708336050e-08 -1.826135687e-09
11101000110110100000001110000110000100101111100101110 -5.052776419e-09  2.736955995e-09
11100101010100110100101100100001010111010101010001010 -7.201316876e-09 -1.386301740e-09
01100011011000001010110110101101001111101001001100101 -5.162539729e-09  8.128766105e-09
01001100100110111001100011000101000000111100100110100 -7.453303752e-09 -1.037860731e-08
00010010010001110111110000100101000010111111100100110 -2.446652325e-10 -2.328084170e-09
01111101111000000101010110100010001001000110111100000 -2.968350898e-09 -1.451347131e-08
11010110110000110001010110001011110011000000101010100  4.371072670e-10  4.826778532e-09
01011111101010111010010000110011111100010101101010110  1.495171453e-08 -8.852610867e-10
01111000000000111000111100100100001100111000110101111 -5.386682655e-09 -5.575173656e-09
01011011101101101001111110110010001101010111001100000 -1.195947563e-09  6.654729212e-09
10101010001100101001001011011011011100000001100001110  1.835698815e-09  1.581427767e-09
11010000010001001001000011001011001011110001110001110 -4.346776272e-09 -6.426506882e-09
01100000000101000100110100111111001100101111111001101 -8.915210237e-10  1.442523434e-09
10111101100101111011010101010111001100101001100010011  8.285241826e-09 -5.687893712e-09
00001011100100100100111111111011010010001010110010100 -5.941031223e-09  5.098285127e-10
11011111100010010001011000100101100011001111000001111 -3.080939726e-09 -1.023564877e-08
01100110100111101000010000001000010101100010000100010 -1.617229728e-08  4.468907466e-09
10111111111010110000101111111100101011100011111111111 -7.915172517e-09 -5.282141835e-09
11111110000100000111010001110001110011001111010001001 -4.872883347e-11  4.931082209e-09
01000000000100001101110111011010001100000111110001001  4.596553360e-09  1.149928330e-08
11101110101000111011001100111100111001101011011000001  5.516667123e-09  1.820944839e-09
10100110001111110110000100001110111100010011100100000  6.867467151e-10  4.043548163e-09
00110010011011001010111010111011100111101100011111000 -1.202939526e-08  1.046316367e-08
11111100000010110101100101000110110011000101101111101  1.201199851e-08 -1.116871040e-08
00011011010110101110001101111001001110100101011110101  8.034779064e-09 -7.285386516e-09
11110001011011111111011101000100101000010010101110011  4.866768655e-10  1.555178741e-08
00100011000110010101110100001011111010010001101111101 -2.404875743e-10  1.159693586e-08
01101001010100110100011110110110001110110111110011101  5.904853939e-09  6.002489616e-10
01001000110110101111111100100011101001100111100100111  3.667323334e-09  1.688266860e-09
11100011110011110100111001100010101001000111101101000  6.702852051e-09 -9.094064390e-11
10001001100101000100010100001010111001111000011001010 -3.062971876e-09 -2.980580005e-09
00001111111100100010101100011100001111010111001000111 -8.529671969e-10 -2.881140881e-09
01011010100000100111100110100111100000010100001101101  9.526672784e-09  1.745293243e-09
10111111001100101011011010011000100000110010100000101  8.184446898e-09 -1.097762103e-09
00001001001100001001110000101011001100101011000010101 -7.288966652e-10  9.823947877e-09
01110001111100111101110111110100101011001111010011000  1.028876095e-08  1.931664551e-10
01111101001000110011011001010001101001011001001000100 -6.245175488e-09  8.495762316e-09
01000111000011110100111111010010001010010000010000100  6.613587455e-09 -1.242241088e-09
00101100110000010001000010010000100001101010100111111  4.308913226e-09  1.685864959e-08
00010110111111101100111011100011101101100011000000100  2.798254517e-09  8.425756981e-09
00100011101000000011001001110010001011001111001101010  4.173213997e-10 -9.243199983e-09
11101100010010110100000001100001000100110100010010101  1.084395507e-08  1.208752387e-08
00010001101110100111101010010010101101111011100101011  7.298035509e-09  2.295561519e-09
00001110011111110011100101100001011111100010101111010 -2.231574994e-11  6.103710870e-09
11100001100010110010111011111000000010110111010000110 -2.024357393e-08  8.842753196e-09
00101010001011010110101000001000010001010000001000111 -1.953123441e-09 -1.109486614e-09
00010001011101011100110001011011100110101010110101101  6.696947441e-10 -7.617021680e-09
10110001100111001100110111000010110101101101111010100 -4.235288564e-09 -1.398446359e-09
10100100111011011010111110100001010000111100011101111 -7.691774329e-09  8.485063319e-09
01011000101100111001001001011011111111000001110001000 -1.755422296e-08  9.478632101e-09
00001110110011000110000010101011110000111010111111100  1.004784700e-08 -2.212047878e-09
10000011010011100111001111000101111110011000000000010  1.817581285e-08  3.525761905e-09
01110100101010111111001110000101010100101101010111100 -5.517033497e-10 -1.284022844e-08
01001110101011001110100000011101110011001101100001001  2.533558696e-09 -1.144063866e-08
10111111100000001010011000100110011110011010101000000  7.309479688e-09  8.219468661e-09
01011100010100010111000011100001011100011000111100100 -1.943362804e-09  1.573492270e-08
11110011101110010110010101000100111000000000101000011  2.379633823e-09  1.282667927e-08
11010111101110001100111101000011010011011011011101110  7.439781680e-09 -1.551113726e-08
00010011101001101100000110000001100011100000111011001  1.200300637e-09  4.520053665e-09
10001000010101100001110101100001000100110001000000101 -5.416506799e-09  4.340207749e-09
11011111010010110010100010101001011101010101001010001  2.093573315e-09  2.862252657e-10
11100010001010011001011011000111010001100101000010100  6.722572721e-09  6.085250082e-09
10111001011000010100100101111000111101111001101111110 -2.604221061e-09  9.059383799e-10
11011100011111100011111000000110010010110101111000010 -1.763227120e-09  6.036316780e-09
10001001001111011110011010111101110110010011001110100 -1.071246092e-09 -1.094738877e-08
11000101001100100010001000100111100110111000001100110  4.008491761e-09  4.540092302e-09
00001000101100010001000100110110101101111001011001101  1.672659877e-08 -7.316170780e-09
00110010111101100110100000101001001011010111100111110 -4.873534909e-11  8.964129883e-09
00000111011000110111000000001001110011111000100100001 -5.643148171e-09  1.783388992e-09
11011100110010101101000000110100010001111110100100111 -4.352381566e-09 -6.884440573e-09
00101100010100100100111100011101001001000010010110101  2.757267303e-09  5.002394499e-09
01010000101010010111110101110010110100101010111000011 -7.577853900e-09  4.888034422e-09
10001000000001011001101101001010000101011000010100110 -3.576669183e-09  5.284389371e-09
10111000011111001001001100000000001011111001101000010  1.087085533e-08 -9.119338618e-11
00101111100010001001010110010011000010000000100011111  8.205769397e-10 -8.134777296e-09
00101110010001110000100011010100010100010011011011000 -1.827338836e-09  9.451898819e-09
01010101000111110001110010000011011111111000101001011 -2.676087352e-09  9.099519055e-11
11100010111100000001010000010101011000010111001010010  5.771780831e-10  6.740228375e-09
01011000101110001101101010110111101000001000001111001  5.272868364e-09  1.212394851e-09
10000000111110101001111101010111111001111111000001010 -5.304923167e-09  9.410760171e-09
10011100000101011000000000100000110111110000001101110 -1.018303886e-09 -1.327730259e-09
10111111101111010110001110100000010100100010110000010 -1.271517003e-09 -7.215909648e-09
01000001011001110101000101111101001101100111100001001  5.837533124e-09 -1.374804004e-08
11101001011100100000000001001000101100001100111110111  5.994517771e-09 -8.663652018e-09
10000100001111101000110100001100001111000101100110010  8.006881380e-09  9.013175095e-09
01001101110001001100000101010010000101000110110101000  1.238580238e-09  7.402958246e-09
00111010011110000010101110001011101101110000101010100  2.798186793e-09 -1.021357399e-08
11100000110001010100010111011001101001010001100001100  1.733489796e-09  1.068575894e-08
10101100101001011100110111111001111101000000000110101  9.791242483e-09 -9.172838489e-09
01101001111110111010101000000100110011011010011010110  1.646244918e-08  5.364691469e-10
01000000001101110000110110000000010101000101011110000 -8.827347742e-09 -4.628402550e-09
10011011110001011000110001010101010110101000100100110  3.910347601e-09 -1.179102060e-08
11110011000000101000110010000001100101101000101101111  6.150993048e-09 -2.084517003e-09
10111110010000011101110000111011011001100011110011110 -8.825850273e-09  7.108495126e-09
01101000110010101111111101010010110100011100000101111  1.495157420e-08  5.657281310e-09
01110110000011000001011100011001010101011011010101001 -4.633036621e-09  1.190859130e-11
11001101010001101000010000000101110111001010110011011 -1.435036179e-08 -8.599538859e-09
01010110000000011101011001000001111010100011010100110  1.496712421e-09  7.735319940e-09
11101010000011111001101000111001111110101110111001101 -5.297656092e-09  1.016225948e-08
01011110110101011100100010111000110100101011010111001  3.222880018e-10  6.544103037e-09
00101000011001000100011100001001011001000100011010000  9.534739664e-10 -5.172938078e-09
11010000100001001000000000101001100001100011111110110  9.668281287e-09  1.012858242e-08
00011111110001101011101010000101100011011001001110111 -1.533930138e-08  9.039992754e-09
01101001000111100001000011111000000110001011011110010  7.366385280e-09 -1.136681327e-08
00111111100011110000001000001111010101000001111100101  1.954531426e-09  1.078051781e-08
00100001000100111100010111010101001001001110011110100 -3.186428010e-09 -2.619844786e-09
10000000011001111000111101011111111110111010110101110  1.494206714e-08  3.545840066e-09
10011011010110111011000000110100100101000010000001000  7.825960324e-09  5.079687782e-09
00010111111101001111111001111111110001010000010000111  4.462992642e-09  9.895900099e-09
01000101110110100000100101011100111100010101101100000 -5.493828059e-09  8.609148061e-09
01100000010110100010100100101100111101110100001100111  3.222497269e-11  1.256917503e-08
11010001100101100001001101011010001001001011001110010 -1.000487604e-08  4.189187663e-09
01110111111000111110000101010000100011111001100010010 -1.860301246e-08  5.225377908e-09
00011001111000011010101100001011011100101111001110100 -1.257640214e-08 -1.163546592e-08
01100000010010010100101001010111000010110000110000000 -1.356359558e-08  3.379323266e-09
10100000100001110111000010101101101101101101010100001  1.513267911e-08  7.282995318e-10
00111100111101001100100101001010111001101100011000101 -4.273666754e-09 -4.698889611e-10
00010001011111110011001001100101100000001011100101001  1.256955073e-08  5.029814787e-09
11101010100111110011011010010101001001110010110000111  5.153725002e-09 -4.774908469e-09
01111101010110000001100001100011101000010111001010010 -3.912596080e-10 -1.596023091e-09
11001101101100010101100000101110110010110001110010010  1.899328872e-08  8.711906752e-09
01000011011011111111001000010100101111101001001100111 -9.611797580e-09  8.048127165e-10
00001100001010010110001100111011010110000110001110100  1.165291508e-08 -1.555065055e-08
01111001001111000110111100110101011101111110110100111 -6.098370253e-09 -9.596194950e-09
00001010000101001000101101010110010011000101101100100 -9.567594494e-10 -7.938003144e-09
01110111000000100001110011101011100010010101100010110 -3.588543462e-09  3.291435569e-09
11010100100110110000000111111101001110111010011000110 -5.863581620e-09 -5.481088028e-09
10110011100010011000010110000100110010010110101110110  9.077586682e-09  3.333547216e-09
01011010111100100110111111010011010010000001001100010  1.488086010e-08 -2.121484322e-09
00010110000010011100111010011001011011100000101110011  6.691053045e-09  4.285628519e-10
10000010000100010011000001111010111110010001011011001  6.202630853e-09  6.868321911e-09
00010000001011100110110011101011001100010100101000011 -4.837619194e-10  1.601039123e-08
10110011011010000100011110100101110011100110111001111  1.439792174e-09 -6.199685765e-10
01111101110001010101011011110111011011000111000001010 -2.967610824e-09  1.884503398e-08
10101000111000110011101010101001011000001001001001110 -6.999245628e-10  1.887113577e-09
11111101011010110001001110110010000111001000011001011  3.542613536e-09 -1.764330904e-09
11100000110100000011011001101011000101110010110010000 -2.891367368e-09 -2.684946709e-09
10100100010100011100111001110011110001001100000111001 -2.642519981e-09  2.618201655e-09
01110010000000001111010001100011000101011101111100100  3.148451500e-09 -3.394030834e-09
01101111011100101010111010100000111110100010011001011  7.554117332e-09  1.428026863e-10
01000101100100100010011000001101000010011101001111011  7.569727067e-09 -5.712740947e-09
01100000100101010101000101001010100111110010101010011  5.329906294e-09 -1.156080121e-09
10101101110011101001000110100001110010111101100011101  1.190128995e-09 -5.881318543e-09
10011010100001110111100100011011000101111100110110011  1.412938566e-08  1.969565622e-09
10001111110110010000001001001110110110111110010000111  1.848721953e-09 -5.560356175e-09
00111101001001111001110111010001111010101000110100010  1.034125763e-08  5.448006490e-09
01101100100110001101001101110100101011001111010111100 -1.348193640e-10  5.042350981e-09
01110000101101011001111110000110100100101001011011010  6.499262462e-09 -5.456698648e-09
00000000011011101010001100001011001011000111011100000 -2.153160095e-09 -1.512054926e-10
01010000111001011010000101111110100000010111111110011  1.483234691e-08 -6.453326318e-09
00101100100101110010100011101111111011011100001001100 -3.198187049e-09  5.234289446e-09
01111001101001010110011000111001001111000001011111000  4.587765279e-09 -7.044721695e-09
11001001011001000101111110000111001011000101100010100 -1.425533203e-08  5.914843726e-09
00000101011000010111010001011101000100011000011001101 -1.990638210e-11 -3.908841695e-09
00111100110101011101101101001000110100100111010001110  7.768599097e-09 -1.240604064e-08
10101000000101100010000011100000001011110111011010101  9.708378990e-09 -4.507215490e-09
00100100000110111111111011111010101100101011101101100 -1.062523936e-08 -1.219477763e-08
11011110100010000111000101000000110101011011001111001  1.073221334e-08 -5.071011167e-09
00110011000110111010111111101011011010001101100100001  4.246627050e-09 -4.692742639e-09
11111111001011110100101000000100100110010000010001011  1.034804153e-08 -9.570604309e-10
11110101110110001100011111101100110111101111101001011 -5.014696658e-09 -6.998837621e-10
01111100110100000110101001111000010010011101101000010  2.960628409e-10  8.899555759e-09
10001100011001010111110010000111001111100101011010011 -5.615252707e-09 -4.166427203e-09
01100010001111111010000001010001100111010000101011101  4.226107020e-09 -1.576754549e-08
11010101101001100100010000010000111100000000010010111 -1.953655371e-08  8.232110105e-09
00100011111110001011011000100001000111111110000001111 -6.894534277e-09  7.702933402e-09
11000111111011100110111110001000001111000001010100000 -9.409393265e-09  2.635553775e-09
00010011111111011100110010010101011011000111100111011 -8.510546934e-09 -1.069285283e-08
11001101011000011101100000011110110010010001100011101  1.872190847e-09  9.717546767e-09
01011110110101011001001010010101100101001010110111101  9.300824999e-09  1.432934882e-10
00001100000011111111001100011100101110010110001111011  4.367318063e-09 -1.022984142e-09
10001010010001000111001000010100111100010010111100111  3.436192442e-09 -2.113214492e-09
00010011011101011001011000111101101100001100110000011  1.669536864e-08 -1.738765576e-09
11111000101010111111000100000110010010010011110010000  8.536799712e-09 -1.493211421e-08
00000010000011100111001011011110001001000000110100010  5.025793115e-09  4.916103968e-09
11000001110001010101100010111101101000111010100010110 -1.461624377e-09  1.104723335e-08
00010111011010111000000101110001101110110011011101000  4.620030136e-09  1.516579751e-08
10110100101101001000110010101100010000110001010100010  2.742499339e-09 -5.700437455e-09
01100111000010110101011100110010100100001010010111100  2.278515376e-09 -1.934291660e-08
00100100000000000110001001111010110011010010001001010 -1.025797558e-09 -6.033557209e-09
00111000001111001101111101100000100011110010110010100 -3.985231700e-09 -6.598785074e-09
10000011000111011001110111100111000110100101000011001 -3.462195863e-09  5.129544345e-09
10011110111000111001101011010100001100001011011000000 -6.155085774e-09 -9.216975627e-09
11110001110001010001111000110110010010101101100011000  7.946400871e-09  9.907655141e-09
11110101000000100100110001010010000010000011000111001  7.925152090e-09 -1.321249421e-08
11001100011001010100101000110101101001000100001101110 -2.974673841e-09  1.192615873e-08
01110111101010100000010010100000011100110000100101001  1.091595969e-08 -1.339170552e-09
00010001001110101010111000101100011011110111101100101 -3.273366911e-09 -4.178241308e-09
01110111110011111001101111100011111110000110110101000  1.515759784e-08  8.577872634e-09
01001100100101110010110000101101100000000010101110111 -7.375242195e-09  1.456314003e-08
11001000111111110101111100000110000011000010110110011 -4.045967450e-10 -9.711438764e-09
00010110000001001100000111101110101001000111100010100  6.565563648e-09  1.188234489e-08
10110110011100000001101001000011110101010111001111100 -1.091705282e-09 -7.816551850e-09
11100100001000100010010110011111001011100000110011100 -2.575763824e-09  7.163652449e-10
11000011101101000011101111111100000110001111111000000 -2.270161170e-09 -6.741397662e-09
10111111001000100110011010111010000101101100111010100  9.208967811e-09  4.375065643e-09
00111010000011100010100111001001101000100101100100010 -4.886267391e-09  6.417685050e-09
01011000000001110000110011011010010100000011000111111 -1.252241777e-08 -3.253846845e-11
10001010011001011000010110010010101011111111111001111  7.572225513e-09  1.527201476e-08
10111110100010110110101100011011011011001011001010001 -5.415284332e-10  4.720728253e-09
00010011001100001000010011101010010011111111110000101 -4.934174846e-09 -5.798435954e-09
11011000100001001000000010101000111111010101011000101 -9.001029255e-09  7.292272342e-10
11101001011010000011000010010011111111101100001000000 -4.929161967e-09  4.750506211e-09
10001101010101011011100000101000111110111000101100100 -6.800920271e-09  2.071861793e-09
11110010111010111101011100100000101011000100101111111  6.472822972e-11  1.614052780e-09
01010011101111011100100110011001101101111000101001100 -4.647423779e-09 -1.106881697e-08
01001110100010010001101011111001010101110101100110000 -6.267527386e-09 -1.091945467e-08
10000000110010100011101001001101101101100001100100100  4.619521210e-09  6.906231836e-11
11010000011111001011110000000000110010001100001001001  1.120733195e-08 -7.016766723e-09
10011011010101100101110111110000001101100100101001110 -8.366560778e-09 -1.041065811e-08
11100001010110011100100100110000111110011001001011000  1.117471560e-09 -7.755959430e-09
11111001001110000110011001100001011100101100010101111  1.106624015e-09  5.903540767e-09
00100111001001000110011000010111011110011100011011001 -3.769852874e-09  1.583031706e-09
10010011101111011111001101011000000111110111001001101  2.274868738e-09  7.717584793e-09
00111010100101110001110110000001010101001000111010100  2.572432045e-09 -2.684467981e-09
01110110111010100101110001010001111110000001101001001  2.078999550e-08  6.526536200e-09
00101111111100010010010000110000111111000110101100111  5.856006791e-09 -2.343123029e-09
10110001001101010111010110110110011111011011010001100  9.045202087e-12  2.179585401e-09
00011011101010011111010000100111101110111101111010110 -2.082092276e-09  9.764620224e-09
01101001001001000101001110011001010110010101111111010 -1.797442972e-09  3.486327893e-09
01010101011010010011000100110100001010110001000110000  6.873803304e-09 -3.078632904e-09
01000000010001000000011010000001010110110011011001001 -2.123189269e-08 -9.796541356e-10
10001000000100101100110000100011010100101111010100101 -3.435770002e-10 -1.428451357e-09
00101101111000111101011001110100000101001011111110100 -5.504403600e-09 -8.867322876e-09
10001011011010101000110001111110011000111100100110001 -8.444382971e-09 -5.286318938e-09
10110000001011110010111100101001111110111010101101011  9.691892844e-10 -3.348180844e-09
10111100111010101011111000001110000101001001000000110 -7.483812681e-09  1.247023196e-08
11010110110011011010010011010111010100010000011101111  1.592316834e-09 -1.166323926e-09
10001001011000001110010000110000000100101011001011110  9.176061688e-09 -8.507650695e-10
01111001001100000010001011010111001010100100000010011 -1.124091664e-08 -1.497209468e-08
01011000010100010101010111001110110000111100011001110  9.106348564e-09  1.569957608e-09
00110111000001011010110111001011100001100111011111101  8.271807239e-09 -3.891359679e-09
11110010100110111011100101010100101110000101010001101  3.210904459e-11 -5.205261555e-09
11000011101011101001110100101010010000110101111000100  5.314691354e-09  6.054889923e-09
01100100000010111101011001100101101000011001100011110  4.751616878e-09  6.761049942e-09
11000001000010010011001101011001111110001101111111111  1.688274942e-08  7.824949577e-09
00011000011001100000000000001110101100001101101110100 -1.405070282e-08  4.197123094e-09
00110001011111001101000110101001110000110110101110001 -7.136349289e-09  5.639434253e-09
01100011111010011100010101110000110100100000010001000  6.587168588e-09  1.737615940e-09
01101000110000100010110110100100110111110000110101001 -5.372760015e-09  1.037836816e-09
11110001010100101011001100000101111101000010111000010 -2.634987561e-09  7.581819617e-09
11011101011010011111000010000000010110101001101000001  4.179298241e-09 -1.220935353e-08
10101011000101100001010001010001110101000010011100000 -1.287214157e-08 -8.595099743e-09
11100000001000010110101011010100110010000000110110111 -8.440417254e-09  5.017779525e-09
01110101001111110110000010111110000011001110110101101 -3.739359045e-09  1.297520047e-08
01100000101000111101011001111100010101101101100001101 -1.678158501e-09 -4.714558965e-09
11000101100110010010111101101000100000001101010110110  4.834974643e-09 -9.007230517e-09
10001111011110111010000100001010010100011000010010101 -1.272004280e-09  1.805687866e-08
10111100101001000001000101110100001010010000001101100 -6.085842941e-09 -2.226990592e-09
10110010001010010110010011010100000000100110011000110 -9.451785132e-09 -9.049674787e-09
11000101101011110000010001100001100000001010100101111  1.375076941e-08 -2.165639934e-08
01001011110010001000100011100111110101100110011100100 -3.635131751e-09 -1.894620016e-09
01101110100001001101010100010011110000000111111111000  3.106566115e-09 -6.924388618e-09
11010011100011000111001110101101110111001111110111111 -1.131711724e-09  3.327375708e-09
00011111011010100111110101000100101010000001011011100  6.358932270e-10  1.654747561e-09
01101110100000011100111000001001100110000111111000000  6.823902776e-09  1.414401596e-09
10110000000010010000010011111101011011100101001000011  1.126890936e-08  1.375810399e-08
01110100010010110010101010010010001010000000110000110 -6.621227122e-09  2.550933909e-09
01110000101001011001001100000010011111000010011101101 -5.358320898e-09  5.762515798e-09
01000110000001100110010100100110101011010011001000101 -1.943384759e-10  4.673549991e-09
10110101001000101001100100100110111111101100000000010  2.504604746e-09 -1.116569770e-08
11001110101011010001100000001000001001011100010110000 -8.850585154e-09  3.339671872e-09
01110100000000010000000111001011101011011011110101110  3.101824353e-09 -1.352887846e-08
11000010011101101000010000001111101011111111110101011  7.529679102e-09  9.823687641e-09
00101101101100011110111101101111001111111111100010111 -4.762679140e-09  1.295232144e-09
11010001101010000101000111100010010011001100001100101 -4.433212131e-10  7.162801019e-09
01001000011100010100110010111101010011011010101000100  4.835674527e-09  1.371543057e-08
11111101011010110110111100100100101110100000110000011 -2.879809724e-09 -1.286113993e-09
10010110100001011000101100111100111000010110110110010 -5.688841398e-09 -3.597665277e-09
00001001110011001110010110011000111100000110101111101 -4.831359757e-09 -1.408624328e-08
01001001110011101001010101011100111000100110101111010  7.983493866e-09 -2.509070507e-09
00100110101010000000011010010110100001000000010010010 -1.798464377e-09  7.682197101e-10
00111100000001110000000000000000101000011110100110011 -1.944542305e-09 -6.881933245e-09
00001011000000100101100100011011111100110111001110000 -1.909770120e-09 -1.716599307e-08
00001011100101010000010111000010011001011101101100010  3.757721356e-10  3.858906972e-09
10001101001100111111100001111110001011100101000101100  6.758392956e-09 -7.938213642e-09
00110111001010001010000000111001010101000100010110100  1.069981792e-08 -6.753982262e-09
10010101001011111100100011100001010011010101010011110 -1.731570998e-09  6.635178185e-09
01010000000010000111111010001001111001111111111011110  8.238277616e-09 -8.609139179e-09
10010000001101011101000011001100011000100011000100110 -3.895223311e-10  2.640432317e-09
10000000110110101110100111000100111000111000111011110  3.356479761e-09 -1.732661681e-09
10000010101110111000010011011001100010111100101000000  2.111138819e-09 -6.362883553e-10
11000100111000110010111001001010001100110111110000101 -2.866302973e-09  5.161863381e-09
01001110011111001000110010010010100110011001100101001 -1.442696629e-09 -5.603947972e-09
10111111001100011000111000111000011001001110010101110 -1.357487595e-10  1.692605500e-10
10000010110101111000110101111110001001111001100110010  7.389461931e-09 -7.612626085e-09
10110000100101100110001101110010011000011100000001010 -5.523965729e-10  5.964436500e-09
10010111011000000111011101011111100111100000100000010 -1.498800728e-08  4.141448073e-09
00000110001001010001110111110000101101101101110101010  3.158142636e-09  2.074566741e-09
10111011110001100111000010000101000010011011010010011  1.415199602e-08  1.011151785e-08
01000100101101000100110100100011101000010100101100000  1.691049939e-10 -6.344759385e-09
01000001111101000000101010010101010011001011101110110 -1.084733903e-08  1.097274449e-08
11101101011000011100001101010010010011110000111001110  9.494914188e-09  1.713810482e-10
01011010011000001100100010001110101000110111101101010 -4.269793408e-09 -9.280022084e-09
00110000011100101100011001000001001111111011101110101  2.704088287e-09 -3.272711879e-09
01110010110111100101110000001000111101010000011011000  1.212614453e-08 -2.195786442e-09
11001110111000001010111001110111110010100100101111010  1.038097802e-10  5.702737393e-09
01111010011110011010111010000101011101010100001000100 -1.018934359e-08 -1.507078196e-08
10010110110001000100010101111011001011000110010100000 -1.415047457e-08 -2.940665711e-09
11111001000011011111010000101100001101110010101000000  8.354035685e-09  4.718031743e-09
11100111101111100110001011000001011011111111110000011 -3.578321195e-09  1.222556362e-10
01111000011000001010000010110001000101111011010111101 -1.597945887e-09 -1.025242469e-08
00100100100001100100101011111000101001001011010101101 -3.089917433e-09 -1.999662436e-09
01010011000001111011100000100100011011100111100011010  4.751229632e-09  5.606128450e-09
00000010111111000101010011110010011110000110100111001 -1.886370837e-09  4.567484613e-09
11010100011000100010111111010111000011110000100100001 -1.975564823e-09 -1.444948072e-08
10111001000100111101011001011000111110011101111000101 -7.364978849e-09  2.989904102e-09
00101001111011111011101111110110110110111100001111000 -1.032931785e-08 -6.307069977e-09
01010011110101010000000000110110100000000000000000110  1.329918398e-08  1.096524027e-08
00110011011100111001111000110000101100010110100001101  1.007192552e-08  5.662874614e-09
11111110100011101101001011111010011101101100110100011  4.343529536e-09 -4.767334527e-09
00110000000101011110101111101100110101101101101011010 -1.160600838e-09 -1.185518883e-08
01101110110110010101101010000011010100001110011100010 -1.402348238e-09  1.481107592e-08
01000111101000101101100110110010001011000100011100000 -9.606259788e-09  1.846971576e-09
01111000100111101010100101011111100001011100001110100  7.689523684e-09 -4.217474814e-09
00000011111000101111110011100001010111110110000111110  5.811399362e-09  1.723194920e-09
01100011110110100000010101100110111010010111100110011 -7.420129844e-09 -4.662281672e-09
11100001011001010001100111111001101111100101101010001  7.234605803e-09 -7.164945082e-09
11101001001001011111110110101011111010000011111110111  2.470388560e-09  9.757088471e-09
10100000111110111100010010011010111000001100110010000 -6.809453446e-09 -4.033236412e-09
11010100100100010001010110001000110101100101000001000 -1.441368269e-08  5.644579026e-09
00011101010111011100110010101100111100001010000010011  1.167143626e-08 -7.444516115e-09
01110111011111111010101001010000000101111010011100110  5.472312381e-09  7.502858779e-09
00000100001000000111110100000011000101001001010110111  1.920660075e-09  9.590921390e-10
01001001100110111010000111101111001001000110001100111  1.336175259e-08  6.065997482e-09
11001011101110010100111111111110101010001010010101101 -4.261928588e-09 -9.790587896e-09
01011111101100110001101100110100101001111000001001000  1.338817412e-08  3.350456135e-09
10110011010110110110111100000111101111001110001000101 -1.126853455e-08 -2.989540282e-10
00000010001100100010101000111001000001110010001000101 -8.101964433e-09  9.022737224e-09
00001111000110100100010111100101111001111010101110100 -7.102237132e-10 -8.464059675e-09
11010111000011000100000110010111001000110011111011101  5.134191294e-09  9.423606784e-09
00000101110010100001101010110101100000010111100001011 -2.242054764e-09 -3.738575227e-09
01010100101101000110101110011101110111101101000110011  5.213666388e-09 -2.613774530e-09
11110110110111100000000101001011111011001111111000100  3.021758122e-10 -1.420898066e-08
11011101000111111001001100100000111101011110110001001  3.842148821e-09 -8.531098494e-09
11010000111001001011000111011110011110010110100100110  2.851194392e-09  1.707708086e-09
01110100000100110111010101011011000011111000000011001 -9.628632114e-09  1.356799295e-08
10011111101010101001101011001100111100100101011001011  4.567484613e-09  1.465222721e-09
01001001110011001010001111100111000101110101010000110  1.056607468e-09 -3.948029015e-09
01111111010011100110100111001011110011010100110111010  5.081949084e-09  6.796744056e-09
10001011111100011000010010110101011000100011000000101  1.896535817e-09  9.105539434e-09
00101110111101000000001011000011011110011111101110110  2.843300262e-09 -8.888658698e-09
10000100001100000011111011110100010000001110001111000  5.013670812e-09  3.060052489e-10
11110101001010011001010111111110110101010000011000000 -3.412278238e-09 -1.539080641e-09
01011111000001101100000000110000111011001100101010111  2.919197328e-09 -3.892844269e-09
11100000100010000010101100111001001001010101000001110  4.764400430e-09  2.815293554e-09
00011111001000011000000100100101101110110111011011000 -1.295617835e-09  9.255894717e-09
10110111110011101100001100111110111111010100010000010 -1.119426862e-08 -1.446347664e-08
01111011001100100010001001101111100111010100111001101  5.848281415e-09 -3.214978977e-11
10000100101101000101001111110101001000100100110001100  9.600545248e-09 -1.843839570e-08
01111011011001111011010101000001011101000000010001110 -5.056405072e-09 -7.157709148e-11
10001001011100001010010100110101011100111110111101100  2.031858237e-08 -7.635288846e-09
11101000111101110101000100101110010111011100111101010  1.147736350e-09  3.188327824e-09
00001011001100111010000001001110100010011111100001000  1.163216012e-08  2.263222054e-09
01010100000001010101100110000001110111010011011111001 -8.694543752e-09 -1.067595878e-08
00100101101111010000110100000101010000100000110011110 -2.269477717e-09 -9.566316628e-09
00011001100000010001000010110111110000010101111001111  1.042856912e-08 -8.500627757e-09
00110111001011000010000011010101110100110010110101110  9.807110679e-09  1.044416020e-08
00100100100010010111110000001100000100000010111001111  1.860162691e-09 -1.244067871e-08
01100111101001111111000100010000100111111011011100110 -7.609999741e-09  7.814598746e-09
10110010001001000100010110010100111100101101011101001  3.428576090e-09  3.979740537e-09
00100010101111111010100001100100110100010000100110000  9.266365453e-09  6.974308242e-09
01100001110001000001010100110011101111010010000011010 -5.042376294e-09  3.832284268e-09
11001111000110101001110111010010011100100011100100101  1.584309017e-09 -1.566812680e-09
01101001001000111110010010000001101001011000011101101  8.435808496e-09  4.444910218e-09
01100010101000010010100000010011110100101110011101000  2.128259347e-09 -2.692903012e-09
01011101100110010000100010100000011101111101011111100  1.678863981e-08  5.864946750e-09
10111100110100111000111011000011101110110011111110011 -4.258212893e-09  8.004382934e-09
11011010001011100111010110111000110001011110110100001  1.308617104e-09 -6.086096072e-09
00011011000010010100111001001101100100000101001101010 -5.665760749e-09  1.935309246e-09
01011100101010010110000100101110001000001101011110110  3.960918260e-09  3.721118080e-09
10100111001000101001100100111000111101010110010001111 -4.763190287e-09  3.630081569e-09
01010010101111100110101110110100011001010011110101111 -2.749535044e-09  2.806965105e-09
10010010100110011001111000100000011100000110100000100  2.563237178e-09  1.020153739e-08
00010110101001001000101001100110101000100110001011111  1.522425408e-09  2.437491320e-09
10100001010011010100110110111100000000000110011111101  4.688041955e-09  7.034094196e-09
01111011100110100110100011000111011000100100011110110 -2.285844181e-09  1.115594905e-08
00001011100111011110010100100111001001000100110010110  3.804099702e-09 -2.853270287e-09
00111101000011001001011101001000001101100100101011010 -7.681493663e-09  3.039022589e-09
00000010111011101110001010010100001110001011011011111  1.727622601e-09 -3.932426829e-09
11011110011010000010101001101101101100101100101100011  5.543252524e-09 -6.823801080e-09
01000001011100011010010000110000101001011011000110100 -2.268820687e-09  8.104378502e-09
01101111011001000000110100111110000101100001100000101 -5.919324142e-09 -7.349992615e-09
11111000101110001010010100011000000100011100101101001 -4.153482447e-09 -3.973970042e-09
11111000001110101100011100110010110101101011011110110  5.662650793e-09 -8.122811757e-09
11010100010011110010110111110110000001100110100110110  3.893549927e-09  3.063160170e-09
01010010001011000010101001010011110010001111000111110 -5.611730636e-09 -3.767580026e-09
10110010110101100101000001001000100111001111101011000  2.721382231e-09 -1.571608443e-08
00101110110101110111101101110101110111110100110110100 -4.934148090e-10  2.424379586e-09
01111100010010000111011111010010010011110100101100110  6.509209616e-09  7.894165321e-09
11011110010110000001000110000101110001110010100000010 -1.697166851e-08  9.106146059e-09
01101111110000111101001001111001000010110000111010110  3.281945160e-09 -3.663805037e-09
01100010110010100111100101001011110001100011100111011 -9.945712309e-11 -4.695392519e-09
11101000101000101101110000010111111000100011111000000  6.734322433e-09 -5.281699078e-09
10111000010001000001001101111010000110100100010110010  6.939802066e-09 -8.325960366e-09
00111011110111000011110100000010110000001000100010101  3.324779785e-09  6.581307499e-09
11101010010001010101011001011000010011001011001111000  6.726403878e-10 -1.001878491e-08
00101001011000011111101011111001010101001110010111011  8.822039987e-09  5.137605008e-09
00010010001000100001011100010010010010000110010101100 -9.729390626e-09 -1.436123331e-09
00001100101000000111010001110010101001011110111111110  7.484918463e-09 -9.608845941e-10
10000111010010011001001000100111010101111100100001110  2.041470992e-09  5.036159489e-09
00111110000010111110000111111011101100100000001010000 -1.386798898e-09 -7.539087576e-09
00001101101001001001110110010010011111100110100000000  5.900821609e-09  7.925418655e-11
01010100001110110110100101011000110100101111010111101 -2.171137270e-09  6.365317606e-09
00010100000011010010110100001010100111111101010101010 -8.786610883e-10  5.468324904e-09
01101101011101001010101000100110011011100110111100000  2.011941724e-09 -1.118535375e-09
10101000011110111011011011110101101111011110100101010 -4.450924518e-09  8.168438148e-10
00101001010110111111001001011100111101110001110101101  6.175327805e-09 -3.316299235e-09
11110100000101000000010011101001111001010010110000000 -6.378796602e-09 -4.217601823e-10
11000011101000010011001000101000110000110100010010010  3.695042272e-09 -4.547109356e-09
00010100111110110010100111001000000010011000011011101 -5.946390491e-09 -4.747286120e-09
10110000001111011110111100001000000001110101010100001 -2.679639843e-09 -5.640476530e-09
11000011100010111000010110011110110111000111001011110  2.588420811e-09  1.408039102e-10
10000001011011011000111111101101011011101010000101010  6.685935361e-09 -1.558631446e-08
11101000111100111111001010001110111100001001100110011  1.137797234e-08 -9.369190757e-09
00011011101111000110110111100101011111111100001111000 -7.414561853e-09 -9.412766566e-09
01011111011010001111010001010101101100001101010011010 -2.805379706e-09 -1.520180426e-09
11000000100100101110111100000011011100010010110000000 -4.467938020e-09 -1.074021760e-08
01001001001010011001001101010110110000100001100010101  9.056908112e-09 -4.725826841e-09
10000101011001000010101001111000000111111101010011101 -4.021173616e-09 -2.142103828e-09
10000010001111000010110101000011001101010101110100001 -4.916113294e-09 -1.370623881e-08
01010110001010100010010100101110000001001101011101110 -3.719136110e-09  4.465274372e-09
11101010011011011111111100110111010010010011100111110 -6.110834949e-09  4.441834456e-09
11110011111011000101110011110010010001111100101100000  7.344544528e-09 -1.560053775e-08
11101101001100000100001001001001001111100011000011011 -3.578403351e-09 -7.713668815e-09
01010001101111101001000011111001010101010001011011111  8.155947917e-09  1.440637032e-08
10001010001101000000101101011110111111101011011001000  7.019702597e-09 -4.991944635e-09
01100010101110001101010100011001110000110100000001100  5.962124572e-09  4.704038048e-09
00100110010110001010111011001100101101011010000011111  4.800391196e-09 -1.019953633e-08
01110001001110101011001010110000000100011111100000001 -6.554350951e-10  1.156840290e-09
10000101111000110010001011010110110000101000110001011 -1.112875037e-08  9.132262946e-09
01010100110011100110010011011101010101011000011101111  1.460109367e-09 -7.195071650e-09
11110001111101111110001010000100110100001101001001010  5.678029158e-09  1.922542348e-09
00010010010111100011110101110001011100110101001010110  2.167163338e-09  5.212716037e-09
11101001000010011111100000011001000000000100101010001  8.846749111e-09  6.771405658e-09
11010011100001001111011110100010001001100011111010111 -3.669053283e-09  8.195109480e-09
10001000011101110100011000110000010101101010010111111  8.819458941e-09  5.862384800e-09
00000101100000000011101011001001111011001101001100100  1.142587447e-08 -2.336384242e-08
10011001010010110001001001000110000010100001111101010  1.019407048e-08  1.402812622e-08
11100000000100010111111100110101011011101010100100100  6.258402685e-09  7.297895621e-09
00001010001100001011111101101011011110011000000110010  2.567736468e-09  9.865226858e-09
11010111010110000000001100110010010100000101010110101  3.002022186e-09 -1.257616766e-08
11011010011011101110111101011100010111000101001110111  3.035194540e-09 -1.608921774e-09
11111101101110111010000101010010001101000001010111111  3.156733208e-10  3.003715054e-09
00001110001011001101000110110110110010100011110100101  2.815188083e-09  4.478439397e-09
01011111111110111010101010000101111001111010010101111 -3.277721428e-10  8.998858547e-09
01010010010101111111101000100110110001100011101011100  9.706739412e-09 -5.954410298e-09
00101101010110110000000001100001010100100110010110101 -2.440489588e-09  3.377770008e-10
11101000100101011000001100000111000000111110000010011  1.555846452e-09  2.534261911e-09
01100110000100111010111101000010010101100110001001011 -4.504117967e-09 -5.289486626e-09
10000011111100011000000000100101011100010100010001011  2.104494079e-10  4.687252808e-09
00001000010001001100011011101110111100000111101011010 -8.321350720e-09  6.224126547e-09
11001111100010000000100000101000010101101100011010010  7.521601120e-09 -1.046109865e-08
00111010011011010111110010101011001011010111111001010  2.647965225e-08  3.126820802e-09
10110101001011000011011000100100110110011110101101101 -4.303539303e-09  9.810614543e-09
01111011000010100111000010111110100110010011100111110  1.441802144e-08 -2.235891694e-09
11001101011101011111101110100010101000010110100000110  3.096350731e-09 -6.495393667e-10
11100110001010000101000010101011101100011010111100110  4.781137264e-09  6.499264682e-09
10110110111110111110000101000001110111000101101010001  1.313064590e-08 -1.897392687e-09
00101100100110110001011100100011101111001110111110001 -2.982656344e-09  7.707838812e-09
11010001000111100010010001010010000011100111110101011  1.209557232e-09  4.706570689e-09
00100010111110110010100011011010110111001111010010001  8.367280202e-09 -2.474904282e-09
00001100100110010011010001011010100110000101001000100  3.254814640e-09 -3.095412371e-09
10100011100110110111010110010000000101000101100100011  4.208270177e-09  1.988827236e-08
10100101001100010110000010101110101001000000110011011 -4.847989121e-09  1.171905772e-08
00011010111011101010100011111101000110111011100100001  5.903427081e-09 -6.863800195e-09
00000011100010010010010001011010110000110101111000001 -7.076073505e-09 -1.056619858e-08
01011100110111100110101001100110010000111110000011100 -5.805978365e-09 -6.427606447e-09
01001000010001110000011111110110001011100101111010001  2.826408885e-09  1.343289835e-08
10100001101110000010101101010100111010010101100101011 -8.354871461e-09 -6.726805335e-09
00011011000111000011100101011000100000101100110000011  4.153478672e-10  6.216471782e-09
01011111110001011000110011010000101000100010111111101  3.161820139e-09 -4.972818157e-09
11101101101111100100111000101101100000010110011000111  1.225381041e-08  9.519998123e-09
01010100100111100100110011011111101010101010110010000 -6.797736263e-10  7.049580475e-09
10010010110101001111001111111000000001001110010101011 -9.992359162e-10 -7.815883940e-09
10111001011110100010011011001011000011011011110010000 -1.194085186e-08  6.957220577e-09
11111110001110111101111100110001100111011010011001110 -1.697810004e-09  3.678612082e-09
11101101011010011110110000101011000000010111111001110 -7.472183761e-09  4.013585020e-09
11011100010100000001001111010111101111101111001110100 -8.362371240e-09 -3.911681645e-09
01111010011011001010101110010010010101001100101000001  1.325365506e-08  1.305599717e-08
10111111100101010011110101010100111010010000110010001  3.059652087e-09 -1.757672763e-08
10101101111001110110010001111000000100101111010111100 -4.429715705e-09 -6.933279284e-09
00100000101000000101100100000010000100010010011110000 -8.562711429e-09  1.878097455e-09
00000110011100000001111101011000010000100001010100101 -4.492722638e-09  3.087482714e-09
11011100010010000101010011101000110001001110010010111  9.491151864e-09  1.536780259e-09
11011011111111100010000001100101110111110001111101010  1.102065461e-08  9.085671770e-09
01111000001101001010111001110111111111001111111001010  2.657861264e-09  2.205394062e-10
11001010010101001110110101010101000101001000011010110  3.047715413e-09  7.329486795e-09
10001101111111011101110111100101101001010100011100011 -2.668536281e-09 -1.317904097e-08
01100101001011110000000000000000110000000000001011010 -4.718733848e-09  4.191269110e-09
11010101101101000010011101000101100110100000101100111  1.627331492e-09 -3.745827204e-09
00111001011011000100011101110000110101000011000001100  5.357184030e-09  1.068464606e-08
11001110000100111000010001100011110000001100010010011 -8.564142284e-09 -6.172911071e-09
00101100110111011110111110100111000011100111100011101 -6.946846209e-09  5.947555337e-09
00110010110111110001000010000101011010010010000011011  1.213100953e-09  1.658421844e-08
10101001000000010110011000101000011001100001011000000  5.591853203e-09  4.299395284e-10
11010001111111100011100101001100001111001111101000111  6.174968981e-09  2.116998354e-09
00001110011010011011000110100000001101101100001111000 -1.773097758e-08  9.202222984e-09
11110000010001101001000110111111011010101100010001000 -1.467636412e-08 -3.948885108e-10
11000110100010001011001000010001100111110010001010000  3.258305625e-09  4.331401904e-09
10101011100010011101101001001000000000001111101010010 -8.470829371e-09  4.226611949e-09
10000111110110001100101111111001011010110100001000100  6.489706994e-09 -1.388919024e-08
01100000111111001101110011001001011101110010000001011 -2.344589634e-09  6.904063543e-09
10110010111000011011001101110010011101000000101101001  6.922215023e-10 -9.463464457e-10
11000101000100110101100111100010000000101000100100010  2.439911828e-09  2.237291019e-09
00111101001010001111100111001011011101010111001010101  5.168222739e-09  1.123154725e-08
01001011101110001010001110111101011010101001010000000 -2.716578074e-10 -3.321738218e-09
10000100011000001110000101010010100010011000110001000  8.619790437e-10  8.969376353e-09
01000001100100010110100110000010001010101111100110011 -8.745639768e-09  4.026226019e-09
10111111110100011110110011100100011101011011001000010  1.016076201e-08 -7.776938205e-09
00011101110000010010011101100111100110110110111111101 -3.962173256e-09 -4.086426753e-09
10000011100000111111000011110010000101101110010000000  4.552129229e-10  5.405098591e-09
01111010010010101110010101000100111011101000111000100  7.100934951e-09 -1.047311682e-09
01000100000010001011001011010000101010100000100010111 -1.665080185e-09 -3.952282057e-09
10100101111110100000011101100000001000001011000000101 -3.571562213e-10 -1.961026064e-10
01000010101000111110010000101100001111001001010111001  2.418972800e-09  3.872913101e-09
11011110011000000000111100010010110100010110000001011  6.528060870e-10  2.753361539e-09
10100110011000011111110111000111001010111110110001110 -6.174495137e-09 -9.967986436e-09
10111100000001010100001011011111111101111001000011111  5.869082997e-10 -3.164699613e-09
10101001100011111000011110110110001101100011101011000 -2.725909276e-09 -4.669321041e-10
01000111011110111001110000100100010000001001011000100  5.508432599e-11  4.634121645e-12
01110011001101110010010110010101111110111011101110010  4.894846306e-09  9.578393634e-10
11110111111001000111010010010001001110100111010100000  1.820511630e-09  4.744800552e-09
00111001100110011000010111011101110001001101011100000  7.333007535e-10  1.249502812e-08
11001101001011000100000110011110101101111000011010111  8.286892061e-09 -1.994200893e-08
11101101110111011000010111100011100110001011010110001  6.908226879e-09  1.877652478e-09
01100100110000010111010001011100101101100111101100011 -2.570043733e-09 -1.544578510e-08
00001001011001100111011110010100101000011001100001011 -3.871509335e-09 -4.786208763e-09
11000111010001010111011010010101001111101101100111000  1.057216714e-08 -6.417128606e-09
01100101101100001110010101101001111101110010110010000 -6.195358004e-09  2.334497484e-09
10111000101111110000111010011001000000110001100011101 -1.757683332e-09  8.629642556e-10
00110101110111100010101001101100010010000011101101111 -5.684560822e-09  1.461736399e-09
11101010110111100111010001000001101101011100010010101 -4.896704375e-09 -5.454505292e-09
11110100111101101101001100011000101101000001011110110  4.248358554e-09 -3.306259933e-09
00111010100110001001010100011001010001001101111101110  4.081832206e-09 -3.561494211e-09
00111101100011110111100110110011010011000101100000000  4.383326688e-11  9.031993820e-09
11101010100011011110010001010000111011100110010111000 -9.245727739e-09  5.241983736e-09
00110111111100001011101000110111011111000001100010111 -1.617673817e-08  7.390945189e-09
00111011100101110011110001111110111000100100100000010 -1.218219570e-08  1.771627178e-09
00100000110011110011001101011010101100001010010110100  7.237520805e-09  1.657647886e-08
00111001001011110111100011000000001000101111101001010  5.270080816e-09 -1.180800524e-08
11010111110011011110000101010111010101110000100010100  1.027130381e-08  4.935501341e-09
01000000000111001000110010000010100101011010011101101  1.452991755e-10 -2.004978850e-09
11111001001010111111010100000001100110101011001011000 -4.878053517e-09 -1.032014385e-08
00100001000100000110100111001010010010111000100111100  5.826513161e-10  1.707447628e-09
11111001000010010001111001101001101010000011001110111 -5.370693668e-09 -4.076554649e-09
01101011000110010010110011110011001010011110100010111  2.866698656e-09 -1.293790763e-08
01101011100001111010101100010001111101110000011001011 -6.097621963e-09  4.185451985e-09
00100001001111001011000111000101100100010111011010001 -1.188151466e-09  3.971122542e-09
10001001111010100110101010110011110110100001010111010 -2.886209272e-09 -3.760166845e-09
00001111001001101000011010001001011111000001110101010 -9.431539993e-09 -7.053455597e-09
10011010001111111101101000100010110110001011110011110  7.481268938e-09  4.818795585e-09
10111011110101111001111011110000011000011100000001001  6.085419280e-09 -1.791453919e-08
11100101011101111010101000110101100011100010111000100 -3.382311542e-09 -6.273184638e-09
00000101001001110100101111010011000011111001111000100  1.951510287e-09 -8.841078980e-09
10000010100001010111000000110101000001101101110100110  1.703248742e-08 -1.267027316e-10
10100111001011000001101100010001010100101101010101100 -3.872902887e-09  6.805767505e-09
00011111101100110111110010011010011101100001000110100  2.812385214e-09 -1.033398966e-08
10111100010111000110101001001001011010110011000111110 -9.605348517e-09 -1.662679416e-08
01111000001100110000001010000100001101101000011111111  9.118879873e-09 -8.538100005e-09
10101000100000110110001001000100000100010000011001011  5.708264084e-09 -7.028123417e-09
11000000000100100101010000101000001000011101011100001 -1.182280318e-08 -3.181924724e-09
00011111101110010110111100110100011001100010001111111  2.890829354e-09 -5.844400963e-09
00001011011010101101101001001110101011110001000110010  1.754729029e-09 -6.410943998e-11
00010111110000110000000110011111010000001001110010010 -1.838147856e-09  3.220365086e-09
11000110100101011010110011100001111010111010101100001  3.192435427e-09  3.231286572e-09
01010010111010011010101101010111000110001101001001111 -3.654548664e-09  5.278464332e-09
00000101001011101101000001001000000011101100010100100 -1.181046194e-08 -2.752232886e-09
00101000100111101111000001101110111011011111000111111  2.615276440e-09  7.493599519e-09
11100110011111110000011100110001100101111000000110011 -7.096896404e-09 -1.625787283e-09
11100011000001100000001000100001011101100010010100100 -3.029093920e-10  2.240624797e-09
00110101011001010101110110000100111110111111011101011 -1.103661784e-08 -8.818780373e-09
11100001001010000000001001101111010001101110000011100 -3.669808457e-09  1.341912470e-09
00001111001011001000010001101110011010111111011111101 -8.546646946e-09  1.411532935e-08
10010001010101100000001100110101000011011001000010000  2.058639659e-08  1.310510100e-08
01101101100001011011111010111101001100010011101000001  7.709011207e-09  1.124273119e-08
11001000101110001101010100111100100010000100100000101  4.152126420e-10  8.577713650e-09
01010010001010010000101010110101111011111010011111011  3.654037961e-09  1.254798843e-08
00101001100011100101011000000011110011010011111100110  6.076166237e-09  2.606253546e-10
10111111101001111000000100101010101011001110110100101 -1.191598464e-08 -1.306599806e-08
00011001001111110111001010000001000010011101110100100  1.612433209e-08  2.421566059e-09
10100110011111110001110101000110111111010110111110111  4.282603994e-10  1.483620871e-08
10011110100011101000001110001101100001100000100100011 -8.777001348e-09  1.211844070e-09
00001111011010101110000100001000111000111100100100100 -3.185285369e-09 -1.259845450e-09
11111111011011110101001010110011100101000011000111000 -1.393866134e-09 -1.437349262e-08
11000001000001010101000011000100100111010100011010100 -8.529546847e-09  1.111292480e-08
01101110101010011100011101011000010100110111010011010  1.852895060e-09 -3.513956681e-09
11001000010010111111101100100010010000101100110010010  1.262398186e-09 -1.312714271e-09
11010000011100010000010100010011001101000101010100011  1.843291386e-08  3.785308178e-10
01101110010001110010000101000000001011111100100000001 -4.237402651e-10 -6.744897529e-09
10100010101001001000101101000101011100010010001000010  7.398517354e-09  1.610477796e-08
11000101010111110010001000010000000111010010111000100 -5.942096593e-09  2.392309684e-09
10010101011001000011111001101101110101110001111110000  1.926223625e-08 -5.580711893e-09
11010011101101100100001101011001001110010010110001111  1.933019611e-08  5.092047228e-09
11011000100010011101101100110000101100011001101011101  8.090089487e-09  3.626750900e-09
11111100101010111110001101011110011111110011011001110  3.603458643e-09  5.361592059e-09
10110110001010101100001000101000001101010000001110011 -8.892240722e-09 -2.682436850e-08
01100101100001110110010110001001001001101101100010000 -5.048813034e-10  7.951506120e-09
00010111001001100000011001000111111001010110001100010  7.686556280e-09 -6.926299978e-09
10110000000010001001101011000010101011000101111111100 -8.150498054e-09 -6.325871826e-09
11111001100100000111010001001110110010111111010011010  3.272847771e-09 -3.810100679e-09
11001010111111011100001100101001110011010100010011110 -1.069246824e-08  9.636361931e-09
10100110100101010000011010010011101001101100110111011 -3.273381122e-09 -3.900289869e-09
01111000000101000010000010100000111001011010101011000 -9.521969879e-09  7.680290182e-09
11101100101010001010001111101110101000101010000111001  6.762931548e-09 -5.838449724e-09
10010101110010011101000000000000111110101111100100000  8.136589180e-09  6.370613370e-09
11111100001010111000000100111110011010101111010101010  1.439967812e-09 -4.567061840e-09
01001100110101000100011000101100000111101010110000110 -4.360744654e-09  7.308085692e-09
10000011111000110011000111100001111110111011110100100  1.146066353e-08 -2.549644940e-09
10011010111011101110011001001010111001011100001101011  4.095196626e-09 -1.474338873e-09
00001101101111000000001111010011011011111110111010100 -1.963902108e-08 -7.134461466e-09
11000010110100001010110001001100111101000000000000100 -2.562294155e-09  1.180966969e-08
11110001001100110000111111100001001111000000111000001 -7.676339564e-09  2.004745703e-09
01011111010001110110110110011000011010011111101000110 -2.876122895e-09 -3.131283677e-09
00010001001101100110001011011110101110100101000011110  1.549817497e-09  9.405807688e-09
10001011000110101111001001100001010111100000000010010  1.270664995e-08  1.379187209e-09
10110000010110101111010100010001100100000101101000001  5.519581681e-09 -6.868698055e-09
00100111000000110111110110001001000101110000110110101 -1.400146221e-08 -7.863433460e-09
00111010001110100001011110011000101111101011000101101 -4.166925915e-09 -6.816158304e-09
11111100010010010011111001001111010001000001001111000  2.060630555e-09 -5.467067243e-09
01010101110111100010001001101000011100111011111110111  3.512984348e-09 -9.706790038e-09
10001110011001010100000100011100010000101010111000001 -5.973001205e-09 -1.114675996e-08
01101111110010000000100111011100001111001011010011101 -5.016696836e-09  9.346919905e-10
00101000111010010100110010000001100100110111010111001 -7.306681926e-09  4.019578892e-09
10001100111010111101111100111101111010000110110100001 -1.576284214e-09 -8.829897702e-09
00010011010001000110100110100000011000001001010101000 -4.627915828e-10  1.787592963e-09
10001011111010001111110001110111000011101011100010011 -1.730994192e-08  4.412336274e-09
00100001110101001110001010001011110111001010101101110 -2.995871995e-09  8.536910734e-09
00110001101111100110010101110000011000010000011011101 -1.740572825e-10  8.743651136e-09
11000111111000100010111101010111110001000100111010111  7.511007816e-09  5.465625730e-09
11000110000101100111111010011011001000000011110011111 -1.174861541e-08  6.767945315e-09
11110100110111111100100111011000110110001101010001100  4.332436632e-09  6.937154406e-09
00001011011111110111011100110111101011010010110110001 -5.331918018e-09  5.774103418e-09
10000000010000011100101100101000011111110111100101011  1.599982191e-08 -1.099493119e-08
00001000010010000101011100011101010110011110101101011  2.279733291e-09  1.740700917e-09
10001001110110000100111001011100100110110010000100011  6.677719266e-09  1.374515612e-08
10000001010000010111001111101110110101101110100110101  1.073014122e-09 -3.302299989e-09
01110111000011010100010100010111100011000001001101000  1.129790261e-09  1.327582577e-08
10001001101100011001110010110100001010101010010110101 -1.830784080e-09 -8.715026034e-09
00011001011001011100000111101000011000101001010101001 -1.027299845e-08  1.348148349e-08
01001010001110101110010110000101000010001001011010011  3.127770709e-09 -1.305523689e-09
01101011100100011000000111010011001011000000010011100 -5.367236877e-09  3.793680925e-09
10011000001000000000000110111100010101001111101100000 -1.911094172e-09  4.720291713e-09
10101110000110111100100011110000011000100001000100111 -4.758096583e-09  7.493193621e-09
10100111000100110101010111000010001110000000101011101 -7.861921780e-09  1.579939379e-08
00010010000000001111001001101100011010011011110110100  1.693054230e-08  1.023709295e-08
10100000111000110001001000110011111100010010111111000 -1.562641216e-08  1.213323841e-08
10011101101101001011111100101101111111000011000010001 -8.399275053e-09 -1.273919015e-08
10101101111011000010010100001100111111010110001000101 -5.362286171e-09 -3.424874828e-09
00010000101000001101000011010111001001001001101110000 -1.741637945e-08  8.579604804e-10
11100101010100111110011111010000011001011100111000001 -3.945307636e-09 -7.106978561e-09
10000110110011010010101101110001110000101100000000000 -5.409254378e-09 -2.704655166e-09
10101100011011001011100011101011101011011011010011101  1.886065193e-10  5.833319161e-09
10000111001110000110000101011010011001111011010001000 -1.100112779e-09  8.593827872e-10
10101000111110000001001100111100011010001101101111110  1.150942719e-08 -8.195791601e-09
01111100101110000100111101111001101011100011010010101 -2.726997517e-09  1.501542179e-08
01110000011001110111000011001001000111100101101111011 -7.849276784e-09 -3.165863571e-09
00111010000011010001001101000110001000010100100110010  6.565094246e-09 -1.093488144e-08
10000001010111010010110010010010100001101000100000010  8.561334752e-09  2.190484238e-09
10001010000101001010111111000111010011111110111001100  4.691476096e-09  6.623836146e-09
01101101110111110001010011100000100000000001001101010  3.433831441e-09  6.465861180e-10
00110101111010000001000100101010110101111110101101000  2.775685459e-09 -5.608349896e-11
01111000100010000011001111001111111111100101010000110  1.064169997e-08 -1.450376819e-09
10111011111101110000001100001011010010010111010010011  1.397829852e-09 -1.029487429e-08
11011110001010100000010111000001001011001101011101111  1.258417370e-08 -1.827575247e-08
11111000000101101100010101111101001110101010111110100  1.852121456e-09  8.738129331e-09
01001010011010001010000111110001011000101000001001000  4.612399351e-10 -8.772030213e-09
01010110001111111010110000000101111110101100000011111  2.692501555e-09 -9.531072820e-09
10001100100010011111010001010111101001010011001001000 -2.783676845e-09  7.151638726e-10
01110101011010010010010100100100101101110101010111100 -1.402877370e-08 -1.094818813e-08
11101101001001000100110010111111010111101110101101000 -1.010285278e-08 -8.449926980e-09
01011000100010001101001011001011101001001100111100010 -4.318784885e-09 -8.086309400e-10
10010111010101001101111101000111010110100001101101101 -4.247769692e-09  1.364822255e-09
10110111110011000010100001111010101000010001110011100 -1.019767049e-09  5.955336668e-09
01001011110110101100000001001100001001001101110101001 -1.077921863e-09  4.656218966e-09
00011001011111001110101011000100000111010111101110101  6.651395434e-09 -2.487687611e-09
01100010100000011111010010001111010011100100001010101 -6.194902369e-09 -2.562278389e-09
01101110010101000011111000000110010011001000101001110 -1.800322669e-10  1.548437045e-09
01100111111101101100101101010010111111011011100111010 -7.745841302e-09  6.656366125e-09
11101111101010010100111010011111010110000101101010111 -1.060684784e-08  5.914341905e-09
01111110001110010011011010101110010101101101010000110 -1.193853993e-08 -1.023299312e-08
00111111100011001101011100001111101000011001111100110 -7.548695891e-09 -1.194800880e-08
10111101010110101001000110111001011111010001101100001  1.252300219e-08  2.935571786e-09
01101101101101111100000000001100010110000010001011100  3.703417573e-09  7.358397225e-10
11100011011101111010000100001110000001000000110001100  5.698292060e-09 -1.270356442e-08
