6.84380892 0.07393985 -0.08155741 -0.00174763
7.29356901 -0.01699297 0.04391860 -0.00723943
7.63356630 -0.01699297 0.04391860 -0.00723943
7.85914268 -0.04672930 0.02906708 0.02376857
8.16578157 -0.04672930 0.02906708 0.02376857
8.36773437 0.00972683 0.05553944 0.01813706
8.54554927 0.00972683 0.05553944 0.01813706
8.72800388 0.00972683 0.05553944 0.01813706
8.92091428 0.00267601 -0.00370482 0.01482126
9.11836406 0.00267601 -0.00370482 0.01482126
9.29883368 -0.01471184 -0.07701980 -0.00371389
9.48344701 -0.01471184 -0.07701980 -0.00371389
9.67197780 -0.01471184 -0.07701980 -0.00371389
9.86231694 0.01513966 0.00751151 0.00163750
