7.33541444 -0.00509642 -0.00832376 0.01506707
7.52482947 -0.00509642 -0.00832376 0.01506707
7.71831567 -0.00509642 -0.00832376 0.01506707
7.90696276 -0.02719803 0.03381000 0.01706991
8.09374001 -0.02719803 0.03381000 0.01706991
8.28104592 0.00247172 0.00940448 0.01620432
8.45990123 0.00247172 0.00940448 0.01620432
8.67911796 0.00247172 0.00940448 0.01620432
8.86002053 -0.01173865 -0.00884636 0.01537707
9.06901421 -0.01173865 -0.00884636 0.01537707
9.26318487 -0.01173865 -0.00884636 0.01537707
9.46802784 0.01738478 -0.01649329 0.01408078
9.66145222 0.01738478 -0.01649329 0.01408078
9.85361683 0.01618808 -0.00087790 0.01690700
