7.40549398 -0.00068315 -0.03387602 0.01362513
7.61891835 -0.00068315 -0.03387602 0.01362513
7.79417378 -0.00068315 -0.03387602 0.01362513
7.99815242 -0.03181319 0.02339145 0.01939554
8.17430463 -0.03181319 0.02339145 0.01939554
8.35916530 -0.01761150 0.01941477 0.01413892
8.53942992 -0.01761150 0.01941477 0.01413892
8.73384224 -0.01761150 0.01941477 0.01413892
8.91604552 -0.00012692 0.01502633 0.00993828
9.10074709 -0.00012692 0.01502633 0.00993828
9.28741143 -0.00012692 0.01502633 0.00993828
9.48522490 0.00801174 -0.00790758 0.01288757
9.66263533 0.00801174 -0.00790758 0.01288757
9.87592601 0.00737117 0.00776267 0.01545549
