6.74191508 0.09180749 -0.07005025 0.01178688
7.00142130 0.09180749 -0.07005025 0.01178688
7.23061945 0.01077333 -0.01144817 0.01415802
7.44269900 0.01077333 -0.01144817 0.01415802
7.64350816 0.01077333 -0.01144817 0.01415802
7.83350556 -0.05388897 0.02071080 0.01527728
8.03853226 -0.05388897 0.02071080 0.01527728
8.23210471 -0.03625565 0.02723628 0.01610531
8.42781238 -0.03625565 0.02723628 0.01610531
8.61735902 -0.03625565 0.02723628 0.01610531
8.79166912 0.00009066 -0.01490826 -0.00029069
8.96533047 0.00009066 -0.01490826 -0.00029069
9.15086826 0.00009066 -0.01490826 -0.00029069
9.33027118 0.03568355 -0.03052060 0.02274893
9.52441296 0.03568355 -0.03052060 0.02274893
9.72357546 0.03568355 -0.03052060 0.02274893
9.90363837 -0.00767105 0.03214242 0.00925449
