100 534
0 1
0 2
0 3
0 4
0 5
0 6
0 8
0 9
0 12
0 35
0 79
1 2
1 3
1 4
1 5
1 8
1 19
1 30
1 77
1 85
2 4
2 6
2 7
2 8
2 9
2 17
2 64
3 4
3 5
3 6
3 7
3 8
3 24
3 40
3 52
3 70
4 5
4 6
4 7
4 8
4 9
4 13
4 28
4 34
4 60
4 61
4 85
4 97
5 6
5 37
5 51
5 93
5 99
6 7
6 9
6 12
6 84
7 8
7 9
7 12
7 17
7 42
7 57
7 66
7 63
8 9
8 85
9 43
9 49
9 56
10 13
10 14
10 15
10 16
10 17
10 18
10 25
10 33
10 53
10 76
10 99
11 13
11 14
11 16
11 18
11 20
11 30
11 79
11 84
11 91
11 96
11 97
12 13
12 14
12 15
12 17
12 19
12 20
12 25
12 34
12 47
12 79
12 91
13 14
13 16
13 17
13 18
13 19
13 20
13 28
14 16
14 17
14 18
14 19
14 31
14 44
14 62
14 68
14 86
15 16
15 18
15 19
15 20
15 28
15 72
15 74
15 86
15 88
16 17
16 18
16 19
16 26
16 61
16 84
17 18
17 19
17 23
17 43
17 64
17 69
17 74
17 75
17 78
17 79
17 88
17 95
18 19
18 50
18 59
18 63
19 20
19 24
19 46
19 64
19 73
19 78
19 91
20 23
20 44
20 58
21 22
21 24
21 26
21 27
21 28
21 60
22 24
22 26
22 29
22 34
22 77
22 82
23 25
23 26
23 27
23 29
23 72
23 89
24 25
24 26
24 27
24 28
24 29
24 40
24 43
24 80
24 83
24 86
25 26
25 28
25 38
25 55
25 65
25 80
26 27
26 29
26 42
26 67
26 59
26 74
27 28
27 29
27 34
27 42
27 55
27 64
27 90
28 46
28 68
28 72
28 94
29 30
29 44
29 47
29 81
32 33
32 34
32 35
32 37
32 38
32 31
32 72
32 83
32 89
33 34
33 36
33 37
33 38
33 43
33 45
33 79
33 83
34 36
34 37
34 67
35 36
35 30
35 31
35 49
35 65
35 79
36 38
36 60
36 74
36 80
36 82
36 93
36 94
37 38
37 30
37 43
37 64
37 80
38 30
38 40
38 77
38 80
38 93
38 98
30 47
30 54
30 92
30 95
31 57
31 71
31 78
39 40
39 41
39 42
39 45
39 46
39 47
39 56
39 90
40 41
40 42
40 43
40 45
40 47
40 48
40 56
40 70
40 97
41 43
41 44
41 45
41 48
41 55
41 60
41 85
41 92
42 43
42 45
42 46
42 47
42 48
42 51
42 71
42 96
43 44
43 45
43 46
43 47
43 67
43 93
44 45
44 46
44 47
44 48
44 54
44 73
44 74
44 84
45 46
45 65
45 76
45 89
45 91
46 47
46 48
46 58
46 69
46 77
46 93
46 99
47 56
47 75
47 79
47 83
47 84
47 90
48 88
49 50
49 51
49 54
49 55
49 56
49 92
49 95
50 51
50 55
50 56
50 57
50 71
50 80
51 52
51 53
51 55
51 56
51 81
52 54
52 57
52 65
52 66
52 71
52 97
53 54
53 55
53 56
53 57
53 58
53 72
53 74
53 75
53 76
53 89
54 55
54 56
54 57
55 56
55 70
55 83
55 90
56 57
56 79
57 64
57 65
57 67
57 74
57 88
57 90
64 65
64 67
64 61
64 62
64 63
64 73
64 82
64 88
65 66
65 67
65 59
65 60
65 63
65 74
65 82
66 60
66 62
67 58
67 60
67 61
67 62
67 63
67 79
67 98
58 62
58 63
58 79
58 87
58 88
58 96
59 60
59 61
59 62
59 63
60 61
60 62
60 87
60 88
60 90
61 62
61 63
61 71
61 87
61 88
61 92
62 63
62 89
63 68
68 69
68 70
68 72
68 73
68 74
68 75
68 76
68 78
69 70
69 75
69 76
69 88
69 94
69 95
70 71
70 72
70 74
70 75
70 76
70 80
71 72
71 73
71 74
71 75
71 83
71 84
71 99
72 73
72 74
72 76
73 74
73 75
73 76
73 96
74 75
74 76
74 95
75 76
76 81
77 78
77 79
77 80
77 81
77 82
77 84
77 85
77 92
78 79
78 82
78 84
78 85
79 81
79 82
79 83
79 97
80 81
80 83
80 84
81 82
81 83
81 96
82 83
82 84
83 84
83 97
85 86
85 87
85 89
85 91
85 92
85 94
86 87
86 88
86 90
86 91
86 92
86 93
87 88
87 89
87 91
87 92
87 93
87 94
88 89
88 90
88 91
88 92
88 93
89 90
89 91
89 92
90 91
90 93
90 98
91 92
91 93
92 93
92 94
96 97
96 98
96 99
96 95
97 98
98 99
98 95
