40 384
0 1
0 2
0 3
0 6
0 7
0 8
0 11
0 12
0 13
0 14
0 15
0 16
0 20
0 21
0 23
0 25
0 29
0 30
0 31
0 34
0 35
1 3
1 4
1 5
1 6
1 9
1 11
1 15
1 17
1 18
1 19
1 20
1 24
1 26
1 30
1 32
1 33
1 34
1 37
1 39
2 4
2 5
2 6
2 9
2 12
2 14
2 15
2 17
2 18
2 23
2 31
2 33
2 34
2 36
2 37
2 38
2 39
3 5
3 6
3 8
3 16
3 17
3 19
3 21
3 24
3 25
3 26
3 27
3 28
3 29
3 30
3 31
3 33
3 34
3 36
3 37
3 39
6 11
6 12
6 13
6 14
6 18
6 19
6 20
6 25
6 30
6 31
6 34
6 35
6 37
6 39
7 5
7 9
7 10
7 16
7 17
7 18
7 19
7 22
7 24
7 25
7 28
7 31
7 39
8 11
8 14
8 15
8 16
8 19
8 23
8 26
8 27
8 28
8 29
8 30
8 31
8 32
8 33
8 34
8 35
8 37
11 5
11 9
11 10
11 13
11 14
11 16
11 18
11 23
11 24
11 26
11 31
11 33
11 34
11 35
11 38
12 5
12 9
12 13
12 14
12 16
12 19
12 20
12 21
12 22
12 23
12 24
12 25
12 26
12 28
12 29
12 30
12 32
12 34
12 36
13 9
13 19
13 20
13 21
13 24
13 25
13 26
13 28
13 29
13 30
13 33
13 35
13 37
13 38
13 39
14 10
14 17
14 18
14 19
14 20
14 26
14 29
14 31
14 32
14 36
14 37
15 4
15 9
15 16
15 18
15 19
15 22
15 24
15 25
15 26
15 28
15 29
15 35
15 37
16 4
16 5
16 9
16 19
16 26
16 27
16 33
16 38
16 39
20 10
20 17
20 21
20 22
20 23
20 26
20 29
20 30
20 32
20 33
20 34
20 39
21 5
21 10
21 17
21 18
21 22
21 24
21 25
21 26
21 27
21 28
21 29
21 30
21 32
21 33
21 34
21 36
21 38
23 4
23 17
23 18
23 19
23 26
23 28
23 29
23 30
23 34
23 38
25 5
25 18
25 22
25 29
25 31
25 32
25 33
25 34
25 35
25 38
29 4
29 9
29 17
29 18
29 19
29 22
29 24
29 28
29 32
29 33
29 34
29 36
29 37
29 38
30 4
30 5
30 9
30 10
30 18
30 19
30 27
30 31
30 35
30 37
30 38
30 39
31 4
31 5
31 10
31 19
31 22
31 24
31 35
31 36
34 4
34 5
34 9
34 17
34 26
34 27
34 28
34 32
34 33
34 35
34 36
35 4
35 5
35 26
35 27
35 33
35 37
35 38
35 39
4 5
4 18
4 19
4 22
4 26
4 27
4 33
4 36
5 9
5 10
5 22
5 26
5 28
5 32
5 33
5 36
5 38
5 39
9 10
9 17
9 24
9 26
9 28
9 36
9 38
17 18
17 22
17 24
17 28
17 37
18 10
18 19
18 22
18 26
18 27
18 28
18 32
18 33
18 36
18 38
19 10
19 22
19 28
19 32
19 36
19 37
19 38
24 10
24 26
24 27
24 32
24 33
24 39
26 10
26 28
26 32
32 22
32 27
32 28
32 36
33 22
33 27
33 28
33 37
33 39
37 22
37 36
37 38
39 22
39 36
39 38
36 10
36 22
36 27
38 10
38 22
27 28
28 22
22 10
