6.37287989 -0.00957203 0.27768114 0.00891014
6.55512930 -0.00957203 0.27768114 0.00891014
6.74179691 -0.00957203 0.27768114 0.00891014
6.95669339 0.02299600 -0.01351398 0.00887676
7.14592200 0.02299600 -0.01351398 0.00887676
7.36968308 -0.01362332 0.00657406 0.01120788
7.54787789 -0.01362332 0.00657406 0.01120788
7.74214536 -0.01362332 0.00657406 0.01120788
7.92579240 -0.02098057 0.02649501 0.01323221
8.11181919 -0.02098057 0.02649501 0.01323221
8.31040258 -0.02098057 0.02649501 0.01323221
8.50872869 0.00005831 0.01832629 0.01077343
8.68744357 0.00005831 0.01832629 0.01077343
8.88639990 0.00136264 0.00278808 0.01273080
9.05500061 0.00136264 0.00278808 0.01273080
9.25727496 0.00136264 0.00278808 0.01273080
9.45043719 0.00578807 -0.01502021 0.01207047
9.66749860 0.00578807 -0.01502021 0.01207047
9.83973191 -0.00534945 -0.00385123 0.01106461
