6.90906463 -0.08376908 0.33940566 0.00183541
7.07760779 -0.08376908 0.33940566 0.00183541
7.22510129 -0.08376908 0.33940566 0.00183541
7.37562029 0.00109504 -0.01502317 0.01236341
7.52478847 0.00109504 -0.01502317 0.01236341
7.67423838 0.00109504 -0.01502317 0.01236341
7.83190904 -0.03160943 0.01453508 0.01444724
7.98989386 -0.03160943 0.01453508 0.01444724
8.13659481 -0.03160943 0.01453508 0.01444724
8.29397221 -0.03160943 0.01453508 0.01444724
8.44452859 -0.02090058 0.01354719 0.00997251
8.60062749 -0.02090058 0.01354719 0.00997251
8.75704754 -0.02090058 0.01354719 0.00997251
8.90374887 -0.00556759 -0.00805624 0.01183656
9.04990830 -0.00556759 -0.00805624 0.01183656
9.20549611 -0.00556759 -0.00805624 0.01183656
9.35150566 0.01629235 -0.00671357 0.01200437
9.50525758 0.01629235 -0.00671357 0.01200437
9.66289010 0.01629235 -0.00671357 0.01200437
9.80851716 0.01629235 -0.00671357 0.01200437
9.96076631 0.01775298 0.00872391 0.01240711
