80 120
21 71
21 37
21 13
71 64
71 5
27 50
27 45
27 55
50 25
50 15
4 64
4 22
4 76
64 61
15 39
15 34
39 29
39 58
16 38
16 70
16 53
38 73
38 65
33 54
33 6
33 48
54 19
54 53
25 58
25 46
29 32
29 65
32 59
32 20
44 63
44 20
44 7
63 47
63 65
10 70
10 79
10 26
70 19
5 19
5 3
37 51
37 47
11 23
11 62
11 17
23 60
23 46
41 51
41 69
41 22
51 42
30 48
30 7
30 14
48 69
62 28
62 8
2 68
2 79
2 9
68 72
68 14
18 58
18 66
18 47
73 76
73 78
45 43
45 31
76 67
7 1
28 59
28 31
0 55
0 72
0 67
55 12
49 57
49 36
49 35
57 60
57 40
13 66
13 1
59 61
61 36
78 75
78 52
9 42
9 40
42 40
12 77
12 6
77 8
77 56
20 8
24 60
24 43
24 17
75 43
75 22
74 79
74 53
74 66
72 52
35 69
35 56
36 3
14 1
52 34
26 34
26 6
3 56
67 46
17 31
