80 324
0 1
0 3
0 5
0 6
0 7
1 2
1 3
1 54
2 3
2 4
2 7
2 50
2 57
3 4
3 5
3 6
3 7
3 11
3 29
3 64
3 73
3 79
4 5
4 6
4 7
5 22
5 30
6 7
7 8
7 40
7 57
7 63
7 79
8 9
8 10
8 11
8 12
8 14
8 16
8 17
8 19
8 34
9 10
9 11
9 12
9 13
9 14
9 17
9 57
10 12
10 13
10 14
10 15
10 39
10 64
10 63
11 12
11 17
11 55
12 13
12 14
12 15
12 16
12 17
12 61
12 68
13 16
13 17
13 42
14 15
14 16
14 17
15 16
15 17
15 34
15 64
15 75
16 17
16 36
16 44
16 51
17 65
18 19
18 21
18 22
18 25
18 26
19 20
19 22
19 23
19 24
19 25
19 26
19 50
19 63
20 21
20 24
20 26
20 34
20 38
20 66
21 22
21 23
21 24
21 25
21 26
21 76
22 23
22 26
23 24
23 67
23 70
24 25
24 76
25 38
25 56
25 58
26 39
26 40
32 33
32 35
32 36
32 27
32 29
32 30
33 35
33 36
33 27
33 28
33 29
33 30
33 61
33 67
34 35
34 36
34 27
34 28
34 29
34 30
34 31
35 36
35 28
35 29
35 30
35 31
35 37
36 27
36 28
36 29
36 30
36 31
27 28
27 29
27 30
27 31
27 37
28 30
28 31
28 77
29 30
29 31
29 46
30 31
30 63
30 69
31 44
31 52
37 39
37 40
37 41
37 43
37 44
37 45
37 46
38 39
38 40
38 42
38 44
38 45
38 46
38 49
38 78
39 42
39 44
39 45
40 41
40 42
40 43
40 45
40 46
41 42
41 43
41 44
41 45
41 46
41 76
42 43
42 45
42 46
42 53
43 44
43 46
44 46
45 46
46 70
47 48
47 49
47 53
47 54
47 56
47 66
48 49
48 50
48 51
48 54
48 55
48 61
49 51
49 52
49 54
49 55
49 73
50 51
50 52
50 55
50 56
50 73
51 52
51 54
51 55
51 56
51 58
52 53
52 54
52 55
52 56
52 59
52 63
53 56
53 77
54 55
54 56
54 69
55 56
55 76
64 65
64 66
64 57
64 58
64 59
64 60
64 61
64 62
64 63
65 66
65 57
65 58
65 59
65 60
65 61
65 63
65 75
66 58
66 60
66 61
66 62
66 63
57 58
57 59
57 60
57 61
57 62
57 63
58 59
58 61
58 62
58 63
59 60
59 61
59 62
59 63
59 68
60 61
60 62
60 63
61 63
62 63
67 68
67 69
67 72
67 73
67 75
68 71
68 72
68 73
68 74
68 75
68 76
69 70
69 71
69 72
69 73
69 75
69 76
70 71
70 74
70 75
70 76
71 72
71 73
71 75
71 76
71 78
72 73
72 74
72 75
73 74
73 75
73 76
74 75
74 76
75 76
77 79
78 79
