80 331
0 2
0 3
0 4
0 6
0 7
0 36
1 2
1 3
1 5
1 6
1 7
1 8
1 16
2 3
2 4
2 5
2 6
2 8
2 23
2 55
2 66
3 5
3 6
3 7
3 37
3 68
4 5
4 6
4 7
4 8
4 28
4 36
4 44
4 54
4 57
5 8
5 26
5 36
5 58
5 68
6 8
6 25
6 26
6 75
7 8
7 11
7 23
7 71
8 40
8 54
9 11
9 12
9 13
9 16
9 17
9 31
9 44
9 50
9 65
9 74
10 11
10 12
10 13
10 14
10 15
10 16
10 17
10 18
11 12
11 13
11 15
11 16
11 17
11 18
11 47
11 64
12 13
12 14
12 15
12 16
12 17
12 20
12 37
13 15
13 17
13 18
13 22
13 30
13 49
13 62
13 75
14 16
14 17
14 18
14 67
15 16
15 17
15 18
15 75
16 17
16 76
17 32
17 54
17 64
18 36
18 47
19 21
19 22
19 23
19 24
19 25
19 27
19 28
19 47
19 67
20 21
20 22
20 23
20 24
20 25
20 26
20 28
20 29
20 30
20 66
21 22
21 23
21 24
21 25
21 26
21 27
21 28
22 23
22 24
22 25
22 26
22 27
22 28
22 74
22 77
23 25
23 26
23 28
24 26
24 28
24 64
24 65
25 26
25 28
25 37
25 45
25 55
25 73
26 27
26 50
27 31
28 60
32 34
32 35
32 36
32 37
32 29
32 31
32 65
33 36
33 37
33 29
33 30
33 58
33 71
33 75
34 37
34 29
34 31
34 41
34 59
35 36
35 37
35 29
35 30
35 31
35 75
36 37
36 31
37 29
37 31
29 30
29 66
29 67
30 31
30 61
30 63
31 40
31 58
31 69
38 39
38 40
38 41
38 42
38 43
38 44
38 52
39 41
39 42
39 45
39 66
39 76
40 41
40 54
40 55
40 72
41 42
41 43
41 45
42 43
42 44
42 56
42 76
43 44
43 45
43 78
44 45
44 48
46 47
46 48
46 49
46 52
46 54
47 48
47 49
47 50
47 51
47 52
47 53
47 54
48 49
48 51
48 52
48 53
48 54
48 74
49 50
49 51
49 52
49 54
49 64
50 52
50 54
50 66
51 52
51 53
51 64
52 53
52 54
52 55
53 54
54 72
55 57
55 58
55 59
55 60
55 61
55 62
56 57
56 58
56 61
56 62
56 63
56 77
57 59
57 61
57 78
58 59
58 60
58 62
58 63
58 71
59 61
59 63
59 73
60 61
60 62
60 63
60 66
60 74
61 62
61 65
62 63
63 78
64 65
64 66
64 68
64 70
64 72
65 66
65 69
65 70
65 71
65 72
66 67
66 68
66 70
66 71
66 72
66 73
67 68
67 70
67 71
67 72
68 70
68 72
69 70
69 71
69 72
70 71
70 72
71 72
73 76
73 77
73 78
74 75
74 76
74 77
74 79
75 78
75 79
76 77
76 78
77 78
77 79
78 79
