80 370
0 1
0 3
0 4
0 5
0 7
0 8
0 9
0 15
0 41
1 3
1 4
1 5
1 6
1 7
1 8
1 9
1 19
1 34
1 40
2 3
2 5
2 6
2 8
2 9
2 22
2 55
2 58
2 63
2 67
3 5
3 6
3 7
3 8
3 11
3 16
3 22
3 64
3 67
3 70
4 6
4 8
4 9
4 12
4 25
4 35
4 61
4 64
5 6
5 7
5 9
5 33
5 43
5 49
5 64
5 73
6 57
7 8
7 9
7 20
7 23
7 32
7 57
7 61
7 67
7 73
8 9
8 40
8 55
9 35
9 55
9 71
9 72
10 11
10 12
10 13
10 14
10 16
10 17
10 18
10 23
10 29
10 51
10 68
10 71
10 72
11 13
11 17
11 49
11 56
12 15
12 16
12 17
12 18
12 29
12 44
12 52
13 15
13 16
13 17
13 48
13 75
14 15
14 16
14 34
14 42
14 44
14 52
14 58
14 73
15 16
15 17
15 18
15 32
15 44
15 57
15 62
15 79
16 17
16 22
16 29
16 43
16 56
17 20
17 29
17 53
18 69
19 21
19 23
19 25
19 26
19 27
19 44
20 23
20 25
20 28
20 32
20 39
20 48
20 74
20 78
21 22
21 23
21 24
21 25
21 26
21 27
21 28
21 31
21 71
22 23
22 24
22 25
22 26
22 27
22 28
22 31
22 37
22 49
23 24
23 25
23 35
23 68
23 71
23 76
24 26
24 27
24 31
24 45
24 56
24 67
25 26
25 28
25 35
25 50
25 57
26 27
26 28
26 48
26 75
27 32
27 35
27 48
27 54
27 61
27 75
28 44
28 49
28 53
32 33
32 34
32 35
32 29
32 30
32 31
32 61
33 30
33 31
33 72
33 77
34 35
34 29
34 31
34 72
35 29
35 30
35 31
29 30
29 31
30 31
30 61
30 71
31 43
36 37
36 38
36 40
36 41
36 43
36 44
37 38
37 39
37 40
37 41
37 42
37 43
37 44
38 39
38 40
38 43
38 44
39 40
39 41
39 42
39 65
40 43
40 44
40 50
40 55
41 43
41 44
41 51
41 55
41 57
41 78
42 43
42 44
43 52
43 55
43 72
45 46
45 47
45 48
45 50
45 51
45 52
45 59
46 47
46 48
46 50
46 51
46 53
47 48
47 49
47 50
47 51
47 52
47 53
47 55
48 54
48 71
49 50
49 51
49 52
49 53
49 74
50 51
50 52
50 53
50 57
51 52
51 53
51 63
52 53
52 63
53 59
53 60
53 62
53 75
53 78
54 55
54 56
54 57
54 59
54 60
54 61
54 62
54 63
55 56
55 57
55 58
55 59
55 60
55 62
55 63
56 58
56 59
56 60
56 61
56 63
56 64
57 58
57 59
57 62
57 63
57 68
58 59
58 61
59 60
59 62
59 63
60 61
60 63
60 71
61 62
61 63
61 73
64 68
64 70
64 71
64 72
65 66
65 67
65 68
65 69
65 71
65 72
65 78
66 67
66 68
66 70
67 68
67 71
67 72
68 69
68 70
68 72
68 77
68 78
69 71
70 71
71 72
71 73
72 76
73 74
73 75
73 77
73 78
74 75
74 77
74 78
74 79
75 76
75 77
75 78
75 79
76 77
76 78
76 79
77 78
77 79
78 79
