80 120
42 57
42 50
42 68
57 65
57 50
47 71
47 2
47 67
71 49
71 55
12 25
12 16
12 4
25 72
25 69
38 44
38 59
38 34
44 6
44 52
35 72
35 46
35 77
72 22
49 58
49 60
62 74
62 13
62 48
74 39
74 23
50 39
30 48
30 76
30 32
48 9
55 77
55 23
77 5
17 60
17 64
17 66
60 24
3 70
3 21
3 56
70 43
70 58
0 53
0 15
0 76
53 7
53 31
68 6
68 18
20 40
20 41
20 54
40 10
40 5
1 8
1 37
1 73
8 34
8 16
14 51
14 13
14 29
51 56
51 78
6 54
27 45
27 37
27 66
45 29
45 2
39 52
29 26
5 32
32 43
16 63
63 46
63 22
26 73
26 11
73 24
34 24
28 46
28 10
28 52
19 43
19 36
19 11
10 78
64 75
64 61
75 15
75 18
37 66
22 69
69 78
2 23
59 11
59 79
54 56
7 61
7 79
13 41
15 31
36 58
36 79
21 33
21 76
65 33
65 4
33 41
31 67
67 4
18 9
9 61
