80 604
0 1
0 4
0 6
0 14
0 16
0 17
0 26
0 28
0 41
0 42
0 44
0 45
0 48
0 53
0 61
0 68
0 70
0 71
0 78
1 4
1 12
1 14
1 18
1 22
1 25
1 27
1 35
1 47
1 49
1 50
1 54
1 58
1 63
1 65
1 66
1 69
1 71
1 74
1 76
1 77
1 78
4 6
4 7
4 16
4 33
4 34
4 50
4 54
4 59
4 63
4 72
4 73
6 9
6 28
6 30
6 33
6 34
6 39
6 44
6 46
6 50
6 58
6 61
6 65
6 73
14 9
14 16
14 20
14 22
14 31
14 36
14 37
14 45
14 49
14 66
14 67
14 68
14 71
14 73
16 8
16 9
16 11
16 15
16 43
16 44
16 48
16 49
16 50
16 51
16 52
16 77
16 78
17 12
17 18
17 24
17 26
17 29
17 30
17 32
17 34
17 36
17 39
17 41
17 55
17 59
17 73
26 2
26 3
26 11
26 13
26 30
26 34
26 35
26 37
26 42
26 44
26 45
26 50
26 55
26 61
26 69
28 9
28 19
28 20
28 25
28 32
28 45
28 55
28 66
28 68
28 72
41 8
41 15
41 30
41 31
41 32
41 35
41 38
41 39
41 42
41 52
41 55
41 60
41 66
41 68
42 15
42 19
42 27
42 33
42 35
42 36
42 56
42 57
42 61
42 63
42 64
42 70
42 72
42 78
44 3
44 8
44 11
44 13
44 15
44 23
44 37
44 38
44 40
44 43
44 45
44 61
44 66
44 67
44 71
45 5
45 7
45 10
45 12
45 21
45 25
45 27
45 29
45 32
45 48
45 55
45 56
45 59
45 62
45 75
45 79
48 7
48 8
48 10
48 13
48 20
48 24
48 25
48 29
48 31
48 34
48 36
48 38
48 56
48 58
48 61
48 72
48 74
53 2
53 10
53 12
53 13
53 19
53 20
53 27
53 31
53 34
53 39
53 40
53 43
53 49
53 59
53 70
61 8
61 12
61 18
61 23
61 43
61 71
61 76
61 79
68 3
68 11
68 12
68 19
68 23
68 37
68 49
68 51
68 67
68 74
68 78
70 3
70 12
70 21
70 22
70 43
70 55
70 58
70 67
71 8
71 15
71 23
71 24
71 25
71 35
71 37
71 43
71 50
71 67
71 76
71 78
78 2
78 10
78 20
78 22
78 37
78 38
78 43
78 47
78 49
78 56
78 74
78 79
12 18
12 19
12 22
12 25
12 32
12 34
12 35
12 36
12 39
12 43
12 50
12 51
12 58
12 63
12 75
18 13
18 23
18 27
18 29
18 37
18 56
18 59
18 72
22 29
22 49
22 51
22 52
22 55
22 69
25 15
25 19
25 21
25 37
25 38
25 57
25 67
27 29
27 43
27 60
27 62
27 72
27 74
27 76
35 3
35 9
35 20
35 29
35 32
35 37
35 39
35 47
35 56
35 63
35 65
35 66
35 67
35 73
35 75
35 76
47 2
47 8
47 10
47 13
47 19
47 24
47 40
47 43
47 55
47 64
47 69
47 74
47 75
49 2
49 32
49 33
49 50
49 55
49 57
49 60
49 63
49 67
49 72
50 8
50 9
50 10
50 24
50 31
50 36
50 40
50 75
54 8
54 20
54 38
54 46
54 63
54 76
58 5
58 11
58 23
58 55
63 30
63 55
63 72
63 76
65 7
65 8
65 15
65 19
65 24
65 36
65 39
65 60
65 66
65 79
66 10
66 33
66 38
66 46
66 55
66 59
69 2
69 10
69 11
69 21
69 23
69 30
69 52
69 56
69 60
69 75
69 76
74 3
74 5
74 11
74 19
74 20
74 36
74 38
74 40
74 56
74 76
76 13
76 29
76 31
76 32
76 51
76 52
76 55
76 62
76 67
76 77
77 15
77 29
77 31
77 33
77 56
77 73
2 7
2 9
2 31
2 32
2 33
2 43
2 55
2 72
7 21
7 29
7 32
7 37
7 40
7 46
7 51
9 13
9 37
9 51
31 13
31 30
31 34
31 37
31 39
31 51
31 52
31 59
31 73
31 75
32 8
32 15
32 23
32 24
32 30
32 34
32 36
32 43
32 52
32 60
33 23
33 29
33 46
33 60
43 34
43 40
43 46
43 56
43 72
43 73
55 5
55 13
55 19
55 24
55 37
55 38
55 39
55 52
72 29
72 37
72 40
72 75
3 5
3 13
3 21
3 29
3 37
3 38
3 51
3 67
3 73
5 8
5 20
5 59
5 62
5 73
5 75
13 10
13 20
13 36
13 37
13 38
13 51
13 52
13 56
13 57
13 59
13 73
13 75
21 11
21 15
21 24
21 62
29 24
29 34
29 67
37 10
37 30
37 52
37 56
37 60
37 64
38 39
38 52
38 79
51 15
51 20
51 24
51 46
67 8
67 19
67 56
67 62
73 11
73 15
73 34
73 39
73 52
34 15
34 20
34 62
34 79
59 10
59 19
59 30
59 57
8 19
8 23
8 39
8 75
8 79
20 15
20 30
20 39
20 57
20 62
20 75
62 15
62 30
62 40
62 56
62 57
75 36
30 10
30 11
30 23
30 39
30 57
30 64
39 46
46 15
46 52
46 56
46 79
40 23
40 56
40 79
19 79
23 56
23 60
23 64
79 10
79 11
79 15
79 52
10 60
10 64
60 15
64 24
64 56
11 15
11 56
15 24
15 56
15 57
36 24
